('AvantGarde-Demi' => {
  name            => 'AvantGarde-Demi',
  family          => 'ITC Avant Garde Gothic',
  height          => 1272,
  weight          => fw::Medium,
  style           => fs::Normal,
  pitch           => fp::Variable,
  vector          => 1,
  ascent          => 1021,
  descent         => 251,
  maximalWidth    => 1272,
  width           => 1272,
  internalLeading => 272,
  externalLeading => 90,
  firstChar       => 32,
  lastChar        => 251,
  breakChar       => 32,
  defaultChar     => 32,
  xDeviceRes      => 72.27,
  yDeviceRes      => 72.27,
  size            => 1000,
  encoding        => 'Latin1',
  chardata        => {
space => [32,0,0,280,251,0,1021],
exclam => [33,73,133,74,251,740,281],
quotedbl => [34,19,322,19,695,296,281],
numbersign => [35,29,496,35,251,700,321],
dollar => [36,58,443,59,165,943,164],
percent => [37,36,786,38,236,770,266],
ampersand => [38,34,631,15,236,770,266],
quoteright => [39,72,133,75,717,274,281],
parenleft => [40,74,276,30,94,911,267],
parenright => [41,37,276,67,94,911,267],
asterisk => [42,67,307,66,708,298,266],
plus => [43,48,504,48,251,506,515],
comma => [44,73,133,74,110,274,888],
hyphen => [45,71,278,71,481,118,673],
period => [46,73,133,74,251,133,888],
slash => [47,6,448,6,151,840,281],
zero => [48,32,497,31,236,770,266],
one => [49,137,226,197,251,740,281],
two => [50,36,487,37,251,755,266],
three => [51,28,504,28,236,770,266],
four => [52,15,530,15,251,740,281],
five => [53,25,510,25,236,755,281],
six => [54,23,513,24,236,754,282],
seven => [55,62,436,62,251,740,281],
eight => [56,33,494,33,236,770,266],
nine => [57,24,513,23,251,754,267],
colon => [58,73,133,74,251,555,466],
semicolon => [59,73,133,74,110,696,466],
less => [60,46,508,46,243,522,507],
equal => [61,48,504,48,332,344,596],
greater => [62,46,508,46,243,522,507],
question => [63,38,453,69,251,755,266],
at => [64,50,700,-10,239,724,309],
A => [65,7,725,8,251,740,281],
B => [66,70,481,29,251,740,281],
C => [67,34,732,14,236,770,266],
D => [68,63,594,43,251,740,281],
E => [69,61,398,61,251,740,281],
F => [70,61,377,42,251,740,281],
G => [71,27,790,23,236,770,266],
H => [72,71,539,70,251,740,281],
I => [73,72,137,71,251,740,281],
J => [74,2,407,71,236,755,281],
K => [75,89,531,0,251,740,281],
L => [76,72,363,5,251,740,281],
M => [77,63,774,63,251,740,281],
N => [78,70,601,69,251,740,281],
O => [79,33,774,33,236,770,266],
P => [80,72,473,15,251,740,281],
Q => [81,32,792,16,236,770,266],
R => [82,64,501,15,251,740,281],
S => [83,12,481,27,236,770,266],
T => [84,6,412,2,251,740,281],
U => [85,55,530,55,236,755,281],
V => [86,8,687,5,251,740,281],
W => [87,7,892,1,251,740,281],
X => [88,4,672,4,251,740,281],
Y => [89,-2,624,-2,251,740,281],
Z => [90,19,462,19,251,740,281],
bracketleft => [91,66,218,36,94,911,267],
backslash => [92,96,448,96,151,840,281],
bracketright => [93,36,218,66,94,911,267],
asciicircum => [94,73,454,73,626,365,281],
underscore => [95,0,500,0,126,50,1096],
quoteleft => [96,72,133,75,717,274,281],
a => [97,27,586,47,233,592,447],
b => [98,47,585,28,233,758,281],
c => [99,37,573,30,233,592,447],
d => [100,34,584,42,233,758,281],
e => [101,31,579,30,233,592,447],
f => [102,15,265,0,251,755,266],
g => [103,32,591,37,25,800,447],
h => [104,54,492,54,251,740,281],
i => [105,53,133,54,251,740,281],
j => [106,16,189,55,66,925,281],
k => [107,80,491,9,251,740,281],
l => [108,54,133,53,251,740,281],
m => [109,54,833,53,251,574,447],
n => [110,54,493,53,251,574,447],
o => [111,25,590,25,233,592,447],
p => [112,47,582,31,66,759,447],
q => [113,31,582,47,66,759,447],
r => [114,63,254,3,251,574,447],
s => [115,19,402,19,233,592,447],
t => [116,21,278,1,251,740,281],
u => [117,50,494,56,233,573,466],
v => [118,3,553,4,251,555,466],
w => [119,11,778,11,251,555,466],
x => [120,3,553,4,251,555,466],
y => [121,8,563,9,66,740,466],
z => [122,20,422,18,251,555,466],
braceleft => [123,-3,320,23,60,938,274],
bar => [124,233,133,234,1,1000,271],
braceright => [125,23,320,-3,60,938,274],
asciitilde => [126,67,466,67,411,187,674],
exclamdown => [161,74,133,73,66,740,466],
cent => [162,43,474,43,290,676,306],
sterling => [163,-2,564,-2,251,755,266],
fraction => [164,-123,405,-122,251,740,281],
yen => [165,-10,580,-10,251,740,281],
florin => [166,0,512,48,100,975,197],
section => [167,28,502,30,93,913,266],
currency => [168,27,507,26,320,508,444],
quotesingle => [169,44,133,43,695,296,281],
quotedblleft => [170,70,340,70,717,274,281],
guillemotleft => [171,61,339,60,359,361,552],
guilsinglleft => [172,50,140,50,359,361,552],
guilsinglright => [173,50,140,50,359,361,552],
fi => [174,25,436,59,251,755,266],
fl => [175,25,436,59,251,755,266],
endash => [177,35,430,35,481,118,673],
dagger => [178,51,458,51,109,882,281],
daggerdbl => [179,51,458,51,109,882,281],
periodcentered => [180,73,133,74,438,133,701],
paragraph => [182,-7,614,-7,148,843,281],
bullet => [183,148,305,147,473,310,489],
quotesinglbase => [184,72,133,75,110,274,888],
quotedblbase => [185,70,340,70,110,274,888],
quotedblright => [186,70,340,70,717,274,281],
guillemotright => [187,61,339,60,359,361,552],
ellipsis => [188,100,799,101,251,133,888],
perthousand => [189,36,1186,58,236,770,266],
questiondown => [191,68,453,39,51,755,466],
grave => [193,50,279,91,875,227,170],
acute => [194,89,279,52,875,227,170],
circumflex => [195,71,399,70,887,138,247],
tilde => [196,44,393,43,887,131,254],
macron => [197,72,277,71,899,111,262],
breve => [198,42,397,41,884,137,251],
dotaccent => [199,74,133,73,887,133,252],
dieresis => [200,78,344,78,887,133,252],
ring => [202,73,215,72,870,215,187],
cedilla => [203,98,200,42,0,257,1015],
hungarumlaut => [205,120,506,74,861,239,172],
ogonek => [206,79,183,78,56,204,1012],
caron => [207,71,399,70,887,138,247],
emdash => [208,35,930,35,481,118,673],
AE => [225,-5,829,76,251,740,281],
ordfeminine => [227,19,315,26,689,317,266],
Lslash => [232,26,434,20,251,740,281],
Oslash => [233,33,774,33,180,885,207],
OE => [234,37,970,53,236,770,266],
ordmasculine => [235,23,315,22,689,317,266],
ae => [241,29,1020,31,233,592,447],
dotlessi => [245,53,133,54,251,555,466],
lslash => [248,34,271,15,251,740,281],
oslash => [249,35,590,35,201,658,413],
oe => [250,30,1020,30,233,592,447],
germandbls => [251,51,534,15,233,773,266],
Idieresis => [-1,-32,344,-32,251,939,82],
eacute => [-1,31,579,30,233,869,170],
abreve => [-1,27,586,47,233,788,251],
uhungarumlaut => [-1,50,526,24,233,867,172],
ecaron => [-1,31,579,30,233,792,247],
Ydieresis => [-1,-2,624,-2,251,939,82],
divide => [-1,48,504,48,231,546,495],
Yacute => [-1,-2,624,-2,251,1021,0],
Acircumflex => [-1,7,725,8,251,944,77],
aacute => [-1,27,586,47,233,869,170],
Ucircumflex => [-1,55,530,55,236,959,77],
yacute => [-1,8,563,9,66,1036,170],
scommaaccent => [-1,19,402,19,22,803,447],
ecircumflex => [-1,31,579,30,233,792,247],
Uring => [-1,55,530,55,236,984,52],
Udieresis => [-1,55,530,55,236,954,82],
aogonek => [-1,27,586,47,56,769,447],
Uacute => [-1,55,530,55,236,1036,0],
uogonek => [-1,50,494,56,56,750,466],
Edieresis => [-1,61,398,61,251,939,82],
Dcroat => [-1,25,666,51,251,740,281],
commaaccent => [-1,48,175,128,22,175,1075],
copyright => [-1,-12,764,-12,239,764,269],
Emacron => [-1,61,398,61,251,944,77],
ccaron => [-1,37,573,30,233,792,247],
aring => [-1,27,586,47,233,852,187],
Ncommaaccent => [-1,70,601,69,42,949,281],
lacute => [-1,-1,279,-38,251,1011,10],
agrave => [-1,27,586,47,233,869,170],
Tcommaaccent => [-1,6,412,2,22,969,281],
Cacute => [-1,34,732,14,236,1036,0],
atilde => [-1,27,586,47,233,785,254],
Edotaccent => [-1,61,398,61,251,954,67],
scaron => [-1,19,402,19,233,792,247],
scedilla => [-1,19,402,19,0,825,447],
iacute => [-1,24,279,-63,251,851,170],
lozenge => [-1,10,474,10,251,745,276],
Rcaron => [-1,64,501,15,251,959,62],
Gcommaaccent => [-1,27,790,23,22,984,266],
ucircumflex => [-1,50,494,56,233,792,247],
acircumflex => [-1,27,586,47,233,792,247],
Amacron => [-1,7,725,8,251,944,77],
rcaron => [-1,-39,399,-40,251,774,247],
ccedilla => [-1,37,573,30,0,825,447],
Zdotaccent => [-1,19,462,19,251,954,67],
Thorn => [-1,72,473,15,251,740,281],
Omacron => [-1,33,774,33,236,959,77],
Racute => [-1,64,501,15,251,1021,0],
Sacute => [-1,12,481,27,236,1036,0],
dcaron => [-1,34,794,-28,233,758,281],
Umacron => [-1,55,530,55,236,959,77],
uring => [-1,50,494,56,233,852,187],
threesuperior => [-1,8,320,8,538,462,272],
Ograve => [-1,33,774,33,236,1036,0],
Agrave => [-1,7,725,8,251,1021,0],
Abreve => [-1,7,725,8,251,955,66],
multiply => [-1,59,482,59,263,482,527],
uacute => [-1,50,494,56,233,869,170],
Tcaron => [-1,6,412,2,251,959,62],
partialdiff => [-1,11,483,0,230,771,271],
ydieresis => [-1,8,563,9,66,954,252],
Nacute => [-1,70,601,69,251,1021,0],
icircumflex => [-1,-79,399,-80,251,774,247],
Ecircumflex => [-1,61,399,60,251,944,77],
adieresis => [-1,27,586,47,233,787,252],
edieresis => [-1,31,579,30,233,787,252],
cacute => [-1,37,573,30,233,869,170],
nacute => [-1,54,493,53,251,851,170],
umacron => [-1,50,494,56,233,777,262],
Ncaron => [-1,70,601,69,251,959,62],
Iacute => [-1,44,279,-43,251,1021,0],
plusminus => [-1,48,504,48,189,618,465],
brokenbar => [-1,233,133,234,76,850,346],
registered => [-1,-12,764,-12,239,764,269],
Gbreve => [-1,27,790,23,236,970,66],
Idotaccent => [-1,72,137,71,251,954,67],
summation => [-1,14,681,18,143,860,269],
Egrave => [-1,61,398,61,251,1021,0],
racute => [-1,63,285,-28,251,851,170],
omacron => [-1,25,590,25,233,777,262],
Zacute => [-1,19,462,19,251,1021,0],
Zcaron => [-1,19,462,19,251,944,77],
greaterequal => [-1,26,497,26,251,704,317],
Eth => [-1,25,666,51,251,740,281],
Ccedilla => [-1,34,732,14,0,1006,266],
lcommaaccent => [-1,-7,194,53,22,969,281],
tcaron => [-1,21,417,-38,251,786,235],
eogonek => [-1,31,579,30,56,769,447],
Uogonek => [-1,55,530,55,56,935,281],
Aacute => [-1,7,725,8,251,1021,0],
Adieresis => [-1,7,725,8,251,939,82],
egrave => [-1,31,579,30,233,869,170],
zacute => [-1,20,422,18,251,851,170],
iogonek => [-1,-14,200,54,56,935,281],
Oacute => [-1,33,774,33,236,1036,0],
oacute => [-1,25,590,25,233,869,170],
amacron => [-1,27,586,47,233,777,262],
sacute => [-1,19,402,19,233,869,170],
idieresis => [-1,-52,344,-52,251,769,252],
Ocircumflex => [-1,33,774,33,236,959,77],
Ugrave => [-1,55,530,55,236,1036,0],
Delta => [-1,2,610,0,251,692,329],
thorn => [-1,47,582,31,66,925,281],
twosuperior => [-1,13,309,14,547,453,272],
Odieresis => [-1,33,774,33,236,954,82],
mu => [-1,38,501,37,64,742,466],
igrave => [-1,-65,279,26,251,851,170],
ohungarumlaut => [-1,25,590,25,233,867,172],
Eogonek => [-1,61,398,61,56,935,281],
dcroat => [-1,34,666,-40,233,758,281],
threequarters => [-1,18,785,37,251,749,272],
Scedilla => [-1,12,481,27,0,1006,266],
lcaron => [-1,54,344,-18,251,740,281],
Kcommaaccent => [-1,89,531,0,42,949,281],
Lacute => [-1,72,363,5,251,1021,0],
trademark => [-1,9,812,179,547,444,281],
edotaccent => [-1,31,579,30,233,787,252],
Igrave => [-1,-45,279,46,251,1021,0],
Imacron => [-1,2,277,1,251,944,77],
Lcaron => [-1,72,416,-48,251,740,281],
onehalf => [-1,62,709,69,251,740,281],
lessequal => [-1,29,497,23,251,704,317],
ocircumflex => [-1,25,590,25,233,792,247],
ntilde => [-1,54,493,53,251,767,254],
Uhungarumlaut => [-1,55,541,44,236,1034,2],
Eacute => [-1,61,398,61,251,1021,0],
emacron => [-1,31,579,30,233,777,262],
gbreve => [-1,32,591,37,25,996,251],
onequarter => [-1,92,654,94,251,740,281],
Scaron => [-1,12,481,27,236,959,77],
Scommaaccent => [-1,12,481,27,22,984,266],
Ohungarumlaut => [-1,33,774,33,236,1034,2],
degree => [-1,57,286,57,677,286,309],
ograve => [-1,25,590,25,233,869,170],
Ccaron => [-1,34,732,14,236,974,62],
ugrave => [-1,50,494,56,233,869,170],
radical => [-1,10,502,37,205,896,171],
Dcaron => [-1,63,594,43,251,959,62],
rcommaaccent => [-1,-8,325,3,22,803,447],
Ntilde => [-1,70,601,69,251,937,84],
otilde => [-1,25,590,25,233,785,254],
Rcommaaccent => [-1,64,501,15,42,949,281],
Lcommaaccent => [-1,72,363,5,22,969,281],
Atilde => [-1,7,725,8,251,937,84],
Aogonek => [-1,7,725,8,56,935,281],
Aring => [-1,7,725,8,251,969,52],
Otilde => [-1,33,774,33,236,952,84],
zdotaccent => [-1,20,422,18,251,769,252],
Ecaron => [-1,61,399,60,251,959,62],
Iogonek => [-1,11,198,71,56,935,281],
kcommaaccent => [-1,80,491,9,42,949,281],
minus => [-1,48,504,48,444,120,708],
Icircumflex => [-1,-59,399,-60,251,944,77],
ncaron => [-1,54,493,53,251,774,247],
tcommaaccent => [-1,21,278,1,22,969,281],
logicalnot => [-1,48,504,48,359,317,596],
odieresis => [-1,25,590,25,233,787,252],
udieresis => [-1,50,494,56,233,787,252],
notequal => [-1,15,525,9,202,619,451],
gcommaaccent => [-1,32,591,37,25,1026,221],
eth => [-1,27,589,24,233,772,267],
zcaron => [-1,20,435,5,251,774,247],
ncommaaccent => [-1,54,493,53,42,783,447],
onesuperior => [-1,72,151,113,547,444,281],
imacron => [-1,-18,277,-19,251,759,262],
Euro => [-1,-33,628,-35,240,761,271],
Ccircumflex => [-1,30,730,20,238,963,71],
ccircumflex => [-1,30,571,39,238,778,256],
Cdotaccent => [-1,30,730,20,238,958,76],
cdotaccent => [-1,30,571,39,238,773,261],
Ebreve => [-1,68,397,55,251,951,70],
ebreve => [-1,30,578,32,238,779,255],
Gcircumflex => [-1,30,788,22,238,963,71],
gcircumflex => [-1,30,581,49,30,986,256],
Gdotaccent => [-1,30,788,22,238,958,76],
gdotaccent => [-1,30,581,49,30,981,261],
Hcircumflex => [-1,68,538,74,251,950,71],
hcircumflex => [-1,54,491,55,251,937,84],
Hbar => [-1,8,664,8,251,739,282],
hbar => [-1,-16,561,55,251,739,282],
Itilde => [-1,-29,331,-22,251,948,73],
itilde => [-1,-46,331,-45,251,763,258],
Ibreve => [-1,-28,330,-22,251,951,70],
ibreve => [-1,-45,330,-45,251,766,255],
IJ => [-1,68,619,75,238,752,282],
ij => [-1,54,329,53,66,924,282],
Jcircumflex => [-1,9,536,-65,238,990,44],
jcircumflex => [-1,-53,399,-86,66,953,253],
kgreenlandic => [-1,54,501,2,251,554,467],
Ldot => [-1,68,363,9,251,739,282],
ldot => [-1,54,391,75,251,739,282],
napostrophe => [-1,54,492,54,251,869,152],
Eng => [-1,68,599,73,51,939,282],
eng => [-1,54,492,54,53,765,454],
Obreve => [-1,30,770,40,238,964,70],
obreve => [-1,30,589,21,238,779,255],
Scircumflex => [-1,14,479,27,238,963,71],
scircumflex => [-1,19,404,17,238,778,256],
Tbar => [-1,7,411,2,251,739,282],
tbar => [-1,9,278,13,251,739,282],
Tcedilla => [-1,6,412,2,22,969,281],
tcedilla => [-1,21,278,1,22,969,281],
Utilde => [-1,68,499,73,238,988,46],
utilde => [-1,54,493,53,238,803,231],
Ubreve => [-1,68,499,73,238,991,43],
ubreve => [-1,54,493,53,238,806,228],
Wcircumflex => [-1,7,891,2,251,977,44],
wcircumflex => [-1,10,775,15,251,792,229],
Ycircumflex => [-1,3,623,-6,251,977,44],
ycircumflex => [-1,6,562,12,66,977,229],
longs => [-1,10,264,6,251,739,282],
infinity => [-1,32,682,32,359,405,508],
'.notdef' => [-1,0,0,280,251,0,1021]}});
