('AvantGarde-DemiOblique' => {
  name            => 'AvantGarde-DemiOblique',
  family          => 'ITC Avant Garde Gothic',
  height          => 1272,
  weight          => fw::Medium,
  style           => fs::Italic,
  pitch           => fp::Variable,
  vector          => 1,
  ascent          => 1021,
  descent         => 251,
  maximalWidth    => 1272,
  width           => 1272,
  internalLeading => 272,
  externalLeading => 90,
  firstChar       => 32,
  lastChar        => 251,
  breakChar       => 32,
  defaultChar     => 32,
  xDeviceRes      => 72.27,
  yDeviceRes      => 72.27,
  size            => 1000,
  encoding        => 'Latin1',
  chardata        => {
space => [32,0,0,280,251,0,1021],
exclam => [33,73,271,-64,251,740,281],
quotedbl => [34,127,352,-119,695,296,281],
numbersign => [35,65,554,-59,251,700,321],
dollar => [36,99,483,-22,165,943,164],
percent => [37,139,717,4,236,770,266],
ampersand => [38,70,672,-62,236,770,266],
quoteright => [39,159,184,-63,717,274,281],
parenleft => [40,119,371,-110,94,911,267],
parenright => [41,7,371,2,94,911,267],
asterisk => [42,173,320,-53,708,298,266],
plus => [43,83,528,-11,251,506,515],
comma => [44,47,184,49,110,274,888],
hyphen => [45,113,301,6,481,118,673],
period => [46,73,158,49,251,133,888],
slash => [47,-13,605,-132,151,840,281],
zero => [48,69,559,-68,236,770,266],
one => [49,230,271,59,251,740,281],
two => [50,44,578,-62,251,755,266],
three => [51,67,519,-26,236,770,266],
four => [52,35,570,-45,251,740,281],
five => [53,63,538,-41,236,755,281],
six => [54,64,524,-28,236,754,282],
seven => [55,83,553,-76,251,740,281],
eight => [56,70,520,-30,236,770,266],
nine => [57,109,524,-73,251,754,267],
colon => [58,73,236,-29,251,555,466],
semicolon => [59,47,262,-29,110,696,466],
less => [60,84,566,-50,243,522,507],
equal => [61,63,568,-31,332,344,596],
greater => [62,44,566,-10,243,522,507],
question => [63,135,459,-34,251,755,266],
at => [64,108,724,-92,239,724,309],
A => [65,7,725,8,251,740,281],
B => [66,70,541,-31,251,740,281],
C => [67,96,769,-85,236,770,266],
D => [68,63,669,-32,251,740,281],
E => [69,61,536,-77,251,740,281],
F => [70,61,515,-96,251,740,281],
G => [71,89,798,-47,236,770,266],
H => [72,71,677,-68,251,740,281],
I => [73,72,275,-67,251,740,281],
J => [74,34,513,-67,236,755,281],
K => [75,89,669,-138,251,740,281],
L => [76,72,387,-19,251,740,281],
M => [77,63,912,-75,251,740,281],
N => [78,70,739,-69,251,740,281],
O => [79,94,788,-42,236,770,266],
P => [80,72,573,-85,251,740,281],
Q => [81,93,789,-42,236,770,266],
R => [82,64,593,-77,251,740,281],
S => [83,48,531,-59,236,770,266],
T => [84,119,437,-136,251,740,281],
U => [85,96,627,-83,236,755,281],
V => [86,145,688,-133,251,740,281],
W => [87,144,893,-137,251,740,281],
X => [88,4,810,-134,251,740,281],
Y => [89,135,625,-140,251,740,281],
Z => [90,19,581,-100,251,740,281],
bracketleft => [91,88,336,-104,94,911,267],
backslash => [92,233,293,114,151,840,281],
bracketright => [93,6,336,-22,94,911,267],
asciicircum => [94,142,455,3,626,365,281],
underscore => [95,-24,511,13,126,50,1096],
quoteleft => [96,158,184,-62,717,274,281],
a => [97,72,644,-56,233,592,447],
b => [98,47,642,-29,233,758,281],
c => [99,83,596,-39,233,592,447],
d => [100,79,677,-96,233,758,281],
e => [101,76,592,-28,233,592,447],
f => [102,62,358,-140,251,755,266],
g => [103,33,693,-66,25,800,447],
h => [104,54,560,-14,251,740,281],
i => [105,53,271,-84,251,740,281],
j => [106,-19,362,-83,66,925,281],
k => [107,80,568,-68,251,740,281],
l => [108,54,271,-85,251,740,281],
m => [109,54,901,-15,251,574,447],
n => [110,54,560,-14,251,574,447],
o => [111,71,601,-32,233,592,447],
p => [112,12,675,-27,66,759,447],
q => [113,78,638,-56,66,759,447],
r => [114,63,361,-104,251,574,447],
s => [115,49,434,-43,233,592,447],
t => [116,86,316,-102,251,740,281],
u => [117,86,561,-47,233,573,466],
v => [118,105,554,-99,251,555,466],
w => [119,113,779,-92,251,555,466],
x => [120,3,629,-72,251,555,466],
y => [121,74,600,-94,66,740,466],
z => [122,20,508,-68,251,555,466],
braceleft => [123,40,416,-116,60,938,274],
bar => [124,186,319,95,1,1000,271],
braceright => [125,-13,418,-65,60,938,274],
asciitilde => [126,114,466,20,411,187,674],
exclamdown => [161,39,271,-30,66,740,466],
cent => [162,110,490,-40,290,676,306],
sterling => [163,38,578,-56,251,755,266],
fraction => [164,-123,543,-260,251,740,281],
yen => [165,83,625,-148,251,740,281],
florin => [166,-27,692,-105,100,975,197],
section => [167,65,537,-42,93,913,266],
currency => [168,52,576,-68,320,508,444],
quotesingle => [169,152,163,-95,695,296,281],
quotedblleft => [170,156,391,-67,717,274,281],
guillemotleft => [171,105,382,-27,359,361,552],
guilsinglleft => [172,94,183,-37,359,361,552],
guilsinglright => [173,70,184,-14,359,361,552],
fi => [174,72,527,-79,251,755,266],
fl => [175,72,527,-79,251,755,266],
endash => [177,77,453,-30,481,118,673],
dagger => [178,132,480,-52,109,882,281],
daggerdbl => [179,63,555,-58,109,882,281],
periodcentered => [180,107,159,14,438,133,701],
paragraph => [182,89,656,-145,148,843,281],
bullet => [183,215,311,74,473,310,489],
quotesinglbase => [184,46,184,50,110,274,888],
quotedblbase => [185,44,391,45,110,274,888],
quotedblright => [186,157,391,-68,717,274,281],
guillemotright => [187,81,383,-4,359,361,552],
ellipsis => [188,100,824,76,251,133,888],
perthousand => [189,139,1117,24,236,770,266],
questiondown => [191,68,459,33,51,755,466],
grave => [193,188,274,-42,875,227,170],
acute => [194,221,286,-87,875,227,170],
circumflex => [195,188,400,-48,887,138,247],
tilde => [196,178,386,-84,887,131,254],
macron => [197,192,298,-70,899,111,262],
breve => [198,184,398,-102,884,137,251],
dotaccent => [199,191,159,-70,887,133,252],
dieresis => [200,195,370,-65,887,133,252],
ring => [202,205,220,-65,870,215,187],
cedilla => [203,66,206,68,0,257,1015],
hungarumlaut => [205,247,520,-67,861,239,172],
ogonek => [206,59,184,97,56,204,1012],
caron => [207,214,400,-74,887,138,247],
emdash => [208,77,953,-30,481,118,673],
AE => [225,-5,967,-62,251,740,281],
ordfeminine => [227,126,347,-113,689,317,266],
Lslash => [232,67,417,-4,251,740,281],
Oslash => [233,93,798,-51,180,885,207],
OE => [234,98,1047,-85,236,770,266],
ordmasculine => [235,130,322,-92,689,317,266],
ae => [241,75,1031,-26,233,592,447],
dotlessi => [245,53,236,-49,251,555,466],
lslash => [248,74,331,-85,251,740,281],
oslash => [249,81,604,-25,201,658,413],
oe => [250,76,1033,-29,233,592,447],
germandbls => [251,51,578,-29,233,773,266],
Idieresis => [-1,72,415,-207,251,939,82],
eacute => [-1,76,592,-28,233,869,170],
abreve => [-1,72,644,-56,233,788,251],
uhungarumlaut => [-1,86,631,-117,233,867,172],
ecaron => [-1,76,598,-34,233,792,247],
Ydieresis => [-1,135,625,-140,251,939,82],
divide => [-1,83,528,-11,231,546,495],
Yacute => [-1,135,625,-140,251,1021,0],
Acircumflex => [-1,7,725,8,251,944,77],
aacute => [-1,72,644,-56,233,869,170],
Ucircumflex => [-1,96,627,-83,236,959,77],
yacute => [-1,74,600,-94,66,1036,170],
scommaaccent => [-1,49,434,-43,22,803,447],
ecircumflex => [-1,76,592,-28,233,792,247],
Uring => [-1,96,627,-83,236,984,52],
Udieresis => [-1,96,627,-83,236,954,82],
aogonek => [-1,72,644,-56,56,769,447],
Uacute => [-1,96,627,-83,236,1036,0],
uogonek => [-1,86,561,-47,56,750,466],
Edieresis => [-1,61,546,-87,251,939,82],
Dcroat => [-1,82,684,-24,251,740,281],
commaaccent => [-1,5,208,138,22,175,1075],
copyright => [-1,50,778,-88,239,764,269],
Emacron => [-1,61,536,-77,251,944,77],
ccaron => [-1,83,596,-39,233,792,247],
aring => [-1,72,644,-56,233,852,187],
Ncommaaccent => [-1,70,739,-69,42,949,281],
lacute => [-1,54,393,-207,251,1011,10],
agrave => [-1,72,644,-56,233,869,170],
Tcommaaccent => [-1,40,516,-136,22,969,281],
Cacute => [-1,96,769,-85,236,1036,0],
atilde => [-1,72,644,-56,233,785,254],
Edotaccent => [-1,61,536,-77,251,954,67],
scaron => [-1,49,515,-124,233,792,247],
scedilla => [-1,49,434,-43,0,825,447],
iacute => [-1,53,389,-202,251,851,170],
lozenge => [-1,79,475,-60,251,745,276],
Rcaron => [-1,64,604,-88,251,959,62],
Gcommaaccent => [-1,89,798,-47,22,984,266],
ucircumflex => [-1,86,561,-47,233,792,247],
acircumflex => [-1,72,644,-56,233,792,247],
Amacron => [-1,7,725,8,251,944,77],
rcaron => [-1,63,441,-184,251,774,247],
ccedilla => [-1,83,596,-39,0,825,447],
Zdotaccent => [-1,19,581,-100,251,954,67],
Thorn => [-1,72,547,-59,251,740,281],
Omacron => [-1,94,788,-42,236,959,77],
Racute => [-1,64,593,-77,251,1021,0],
Sacute => [-1,48,541,-69,236,1036,0],
dcaron => [-1,79,887,-166,233,758,281],
Umacron => [-1,96,627,-83,236,959,77],
uring => [-1,86,561,-47,233,852,187],
threesuperior => [-1,87,327,-78,538,462,272],
Ograve => [-1,94,788,-42,236,1036,0],
Agrave => [-1,7,725,8,251,1021,0],
Abreve => [-1,7,739,-6,251,955,66],
multiply => [-1,76,542,-18,263,482,527],
uacute => [-1,86,561,-47,233,869,170],
Tcaron => [-1,119,469,-168,251,959,62],
partialdiff => [-1,39,534,-79,230,771,271],
ydieresis => [-1,74,600,-94,66,954,252],
Nacute => [-1,70,739,-69,251,1021,0],
icircumflex => [-1,38,400,-198,251,774,247],
Ecircumflex => [-1,61,549,-90,251,944,77],
adieresis => [-1,72,644,-56,233,787,252],
edieresis => [-1,76,592,-28,233,787,252],
cacute => [-1,83,596,-39,233,869,170],
nacute => [-1,54,560,-14,251,851,170],
umacron => [-1,86,561,-47,233,777,262],
Ncaron => [-1,70,739,-69,251,959,62],
Iacute => [-1,72,422,-214,251,1021,0],
plusminus => [-1,36,591,-27,189,618,465],
brokenbar => [-1,200,292,108,76,850,346],
registered => [-1,50,778,-88,239,764,269],
Gbreve => [-1,89,798,-47,236,970,66],
Idotaccent => [-1,72,312,-104,251,954,67],
summation => [-1,-5,761,-43,143,860,269],
Egrave => [-1,61,536,-77,251,1021,0],
racute => [-1,63,424,-167,251,851,170],
omacron => [-1,71,601,-32,233,777,262],
Zacute => [-1,19,581,-100,251,1021,0],
Zcaron => [-1,19,631,-150,251,944,77],
greaterequal => [-1,26,590,-67,251,704,317],
Eth => [-1,82,684,-24,251,740,281],
Ccedilla => [-1,96,769,-85,0,1006,266],
lcommaaccent => [-1,-50,375,-85,22,969,281],
tcaron => [-1,86,498,-184,251,786,235],
eogonek => [-1,76,592,-28,56,769,447],
Uogonek => [-1,96,627,-83,56,935,281],
Aacute => [-1,7,725,8,251,1021,0],
Adieresis => [-1,7,725,8,251,939,82],
egrave => [-1,76,592,-28,233,869,170],
zacute => [-1,20,508,-68,251,851,170],
iogonek => [-1,-34,358,-84,56,935,281],
Oacute => [-1,94,788,-42,236,1036,0],
oacute => [-1,71,601,-32,233,869,170],
amacron => [-1,72,644,-56,233,777,262],
sacute => [-1,49,468,-77,233,869,170],
idieresis => [-1,53,382,-195,251,769,252],
Ocircumflex => [-1,94,788,-42,236,959,77],
Ugrave => [-1,96,627,-83,236,1036,0],
Delta => [-1,2,610,0,251,692,329],
thorn => [-1,12,675,-27,66,925,281],
twosuperior => [-1,72,364,-100,547,453,272],
Odieresis => [-1,94,788,-42,236,954,82],
mu => [-1,3,639,-66,64,742,466],
igrave => [-1,53,294,-107,251,851,170],
ohungarumlaut => [-1,71,666,-97,233,867,172],
Eogonek => [-1,61,536,-77,56,935,281],
dcroat => [-1,79,750,-169,233,758,281],
threequarters => [-1,97,740,3,251,749,272],
Scedilla => [-1,49,530,-59,0,1006,266],
lcaron => [-1,54,482,-156,251,740,281],
Kcommaaccent => [-1,89,669,-138,42,949,281],
Lacute => [-1,72,477,-109,251,1021,0],
trademark => [-1,130,829,41,547,444,281],
edotaccent => [-1,76,592,-28,233,787,252],
Igrave => [-1,72,327,-119,251,1021,0],
Imacron => [-1,72,382,-174,251,944,77],
Lcaron => [-1,72,554,-186,251,740,281],
onehalf => [-1,157,674,9,251,740,281],
lessequal => [-1,29,628,-108,251,704,317],
ocircumflex => [-1,71,601,-32,233,792,247],
ntilde => [-1,54,570,-24,251,767,254],
Uhungarumlaut => [-1,96,673,-129,236,1034,2],
Eacute => [-1,61,536,-77,251,1021,0],
emacron => [-1,76,592,-28,233,777,262],
gbreve => [-1,33,693,-66,25,996,251],
onequarter => [-1,187,593,60,251,740,281],
Scaron => [-1,48,587,-115,236,959,77],
Scommaaccent => [-1,48,531,-59,22,984,266],
Ohungarumlaut => [-1,94,788,-42,236,1034,2],
degree => [-1,159,292,-51,677,286,309],
ograve => [-1,71,601,-32,233,869,170],
Ccaron => [-1,96,769,-85,236,974,62],
ugrave => [-1,86,561,-47,233,869,170],
radical => [-1,99,568,-118,205,896,171],
Dcaron => [-1,63,669,-32,251,959,62],
rcommaaccent => [-1,-51,475,-104,22,803,447],
Ntilde => [-1,70,739,-69,251,937,84],
otilde => [-1,71,601,-32,233,785,254],
Rcommaaccent => [-1,64,593,-77,42,949,281],
Lcommaaccent => [-1,72,387,-19,22,969,281],
Atilde => [-1,7,725,8,251,937,84],
Aogonek => [-1,7,725,8,56,935,281],
Aring => [-1,7,725,8,251,969,52],
Otilde => [-1,94,788,-42,236,952,84],
zdotaccent => [-1,20,508,-68,251,769,252],
Ecaron => [-1,61,577,-118,251,959,62],
Iogonek => [-1,-9,356,-67,56,935,281],
kcommaaccent => [-1,80,568,-68,42,949,281],
minus => [-1,83,528,-11,444,120,708],
Icircumflex => [-1,72,418,-210,251,944,77],
ncaron => [-1,54,590,-44,251,774,247],
tcommaaccent => [-1,-1,403,-102,22,969,281],
logicalnot => [-1,104,527,-31,359,317,596],
odieresis => [-1,71,601,-32,233,787,252],
udieresis => [-1,86,561,-47,233,787,252],
notequal => [-1,30,589,-70,202,619,451],
gcommaaccent => [-1,33,693,-66,25,1026,221],
eth => [-1,73,626,-59,233,772,267],
zcaron => [-1,20,579,-139,251,774,247],
ncommaaccent => [-1,54,560,-14,42,783,447],
onesuperior => [-1,181,180,-25,547,444,281],
imacron => [-1,53,347,-160,251,759,262],
Euro => [-1,-33,706,-113,240,762,270],
Ccircumflex => [-1,92,766,-78,238,963,71],
ccircumflex => [-1,77,593,-30,238,778,256],
Cdotaccent => [-1,92,766,-78,238,957,77],
cdotaccent => [-1,77,593,-30,238,772,262],
Ebreve => [-1,68,539,-87,251,948,73],
ebreve => [-1,76,589,-25,238,776,258],
Gcircumflex => [-1,91,797,-48,238,963,71],
gcircumflex => [-1,30,684,-54,30,986,256],
Gdotaccent => [-1,91,797,-48,238,957,77],
gdotaccent => [-1,30,684,-54,30,980,262],
Hcircumflex => [-1,68,675,-63,251,950,71],
hcircumflex => [-1,54,593,-47,251,937,84],
Hbar => [-1,88,722,-90,251,739,282],
hbar => [-1,84,559,-13,251,739,282],
Itilde => [-1,68,393,-181,251,950,71],
itilde => [-1,54,357,-171,251,765,256],
Ibreve => [-1,68,409,-197,251,948,73],
ibreve => [-1,54,373,-187,251,763,258],
IJ => [-1,68,783,-65,238,752,282],
ij => [-1,54,484,-86,66,924,282],
Jcircumflex => [-1,38,648,-206,238,990,44],
jcircumflex => [-1,-17,465,-188,66,953,253],
kgreenlandic => [-1,54,571,-45,251,554,467],
Ldot => [-1,68,388,-16,251,739,282],
ldot => [-1,54,392,30,251,739,282],
napostrophe => [-1,54,559,-13,251,858,163],
Eng => [-1,68,736,-64,91,899,282],
eng => [-1,54,559,-13,91,727,454],
Obreve => [-1,91,784,-35,238,988,46],
obreve => [-1,76,599,-35,238,803,231],
Scircumflex => [-1,49,557,-86,238,990,44],
scircumflex => [-1,49,489,-98,238,805,229],
Tbar => [-1,119,436,-135,251,739,282],
tbar => [-1,52,338,-90,251,739,282],
Tcedilla => [-1,40,516,-136,22,969,281],
tcedilla => [-1,-1,403,-102,22,969,281],
Utilde => [-1,109,595,-64,238,990,44],
utilde => [-1,88,562,-50,238,805,229],
Ubreve => [-1,109,595,-64,238,988,46],
ubreve => [-1,88,562,-50,238,803,231],
Wcircumflex => [-1,144,891,-135,251,977,44],
wcircumflex => [-1,113,775,-88,251,792,229],
Ycircumflex => [-1,140,623,-143,251,977,44],
ycircumflex => [-1,73,598,-91,66,977,229],
longs => [-1,57,356,-133,251,739,282],
infinity => [-1,27,690,29,359,405,508],
'.notdef' => [-1,0,0,280,251,0,1021]}});
