('AvantGarde-Book' => {
  name            => 'AvantGarde-Book',
  family          => 'ITC Avant Garde Gothic',
  height          => 1177,
  weight          => fw::Medium,
  style           => fs::Normal,
  pitch           => fp::Variable,
  vector          => 1,
  ascent          => 955,
  descent         => 222,
  maximalWidth    => 1177,
  width           => 1177,
  internalLeading => 177,
  externalLeading => 59,
  firstChar       => 32,
  lastChar        => 251,
  breakChar       => 32,
  defaultChar     => 32,
  xDeviceRes      => 72.27,
  yDeviceRes      => 72.27,
  size            => 1000,
  encoding        => 'Latin1',
  chardata        => {
space => [32,0,0,277,222,0,955],
exclam => [33,111,74,110,222,740,215],
quotedbl => [34,36,237,36,666,296,215],
numbersign => [35,33,488,33,222,740,215],
dollar => [36,70,415,69,152,881,144],
percent => [37,21,732,22,209,764,204],
ampersand => [38,56,680,21,210,765,202],
quoteright => [39,94,162,95,768,194,215],
parenleft => [40,47,308,14,17,962,198],
parenright => [41,14,308,47,17,962,198],
asterisk => [42,58,309,58,668,294,215],
plus => [43,51,504,51,222,506,449],
comma => [44,14,162,101,155,193,829],
hyphen => [45,30,272,30,470,67,640],
period => [46,102,74,101,222,126,829],
slash => [47,44,359,34,122,840,215],
zero => [48,29,496,29,209,766,202],
one => [49,135,201,218,222,740,215],
two => [50,40,474,40,222,753,202],
three => [51,34,472,48,209,766,202],
four => [52,14,514,26,222,740,215],
five => [53,26,504,24,209,753,215],
six => [54,24,506,24,209,752,216],
seven => [55,63,428,63,222,740,215],
eight => [56,41,472,41,209,766,202],
nine => [57,24,506,24,222,752,203],
colon => [58,102,74,101,222,548,407],
semicolon => [59,14,162,101,155,615,407],
less => [60,46,508,52,214,522,441],
equal => [61,51,504,51,340,270,567],
greater => [62,52,508,46,214,522,441],
question => [63,64,462,65,222,752,203],
at => [64,65,738,64,209,766,202],
A => [65,12,717,11,222,740,215],
B => [66,74,470,30,222,740,215],
C => [67,43,728,42,209,765,203],
D => [68,74,625,45,222,740,215],
E => [69,70,405,61,222,740,215],
F => [70,70,374,41,222,740,215],
G => [71,40,788,44,209,766,202],
H => [72,76,531,76,222,740,215],
I => [73,76,74,76,222,740,215],
J => [74,6,396,80,209,753,215],
K => [75,81,510,0,222,740,215],
L => [76,82,380,0,222,740,215],
M => [77,76,767,76,222,740,215],
N => [78,75,589,76,222,740,215],
O => [79,43,783,43,209,766,202],
P => [80,75,489,28,222,740,215],
Q => [81,40,797,34,209,766,202],
R => [82,70,502,35,222,740,215],
S => [83,22,451,25,209,766,202],
T => [84,6,413,7,222,740,215],
U => [85,75,504,76,209,753,215],
V => [86,8,685,9,222,740,215],
W => [87,11,939,10,222,740,215],
X => [88,8,594,7,222,740,215],
Y => [89,1,591,0,222,740,215],
Z => [90,12,458,10,222,740,215],
bracketleft => [91,133,204,14,43,932,202],
backslash => [92,118,359,128,122,840,215],
bracketright => [93,14,204,133,43,932,202],
asciicircum => [94,53,500,53,529,433,215],
underscore => [95,0,500,0,97,50,1030],
quoteleft => [96,95,162,94,768,194,215],
a => [97,42,579,62,209,574,394],
b => [98,68,579,35,209,753,215],
c => [99,41,566,40,209,574,394],
d => [100,39,579,67,209,753,215],
e => [101,38,570,42,209,574,394],
f => [102,19,295,0,222,753,202],
g => [103,37,569,67,7,776,394],
h => [104,62,481,67,222,740,215],
i => [105,65,70,65,222,740,215],
j => [106,-44,181,66,30,932,215],
k => [107,70,428,4,222,740,215],
l => [108,65,70,65,222,740,215],
m => [109,66,806,66,222,561,394],
n => [110,65,481,64,222,561,394],
o => [111,42,572,41,209,574,394],
p => [112,64,579,39,30,753,394],
q => [113,37,579,66,30,753,394],
r => [114,65,226,10,222,561,394],
s => [115,24,340,24,209,574,394],
t => [116,14,316,9,222,740,215],
u => [117,62,479,67,209,560,408],
v => [118,7,539,8,222,547,408],
w => [119,13,807,11,222,547,408],
x => [120,12,456,12,222,547,408],
y => [121,15,508,13,30,739,408],
z => [122,10,405,10,222,547,408],
braceleft => [123,70,261,20,33,929,215],
bar => [124,299,74,299,0,1000,177],
braceright => [125,20,261,70,33,929,215],
asciitilde => [126,72,462,72,401,140,636],
exclamdown => [161,110,74,111,30,740,407],
cent => [162,48,462,44,284,645,248],
sterling => [163,4,548,2,222,753,202],
fraction => [164,-113,393,-114,222,740,215],
yen => [165,4,546,4,222,740,215],
florin => [166,-12,530,36,69,971,137],
section => [167,85,444,86,81,894,202],
currency => [168,8,538,8,264,538,375],
quotesingle => [169,59,81,58,666,296,215],
quotedblleft => [170,97,309,96,768,194,215],
guillemotleft => [171,40,346,39,303,400,474],
guilsinglleft => [172,40,172,39,303,400,474],
guilsinglright => [173,39,172,40,303,400,474],
fi => [174,19,403,65,222,753,202],
fl => [175,19,401,65,222,753,202],
endash => [177,35,430,35,470,67,640],
dagger => [178,59,434,60,89,873,215],
daggerdbl => [179,59,434,60,89,873,215],
periodcentered => [180,102,74,101,412,126,639],
paragraph => [182,22,529,13,112,850,215],
bullet => [183,150,305,151,444,310,423],
quotesinglbase => [184,89,162,103,154,194,829],
quotedblbase => [185,89,310,103,154,194,829],
quotedblright => [186,96,309,79,768,194,215],
guillemotright => [187,39,346,40,303,400,474],
ellipsis => [188,130,740,130,222,126,829],
perthousand => [189,25,1123,26,209,764,204],
questiondown => [191,65,462,64,17,753,407],
grave => [193,69,231,78,841,167,169],
acute => [194,78,231,66,841,167,169],
circumflex => [195,74,354,74,861,125,191],
tilde => [196,47,345,47,873,103,201],
macron => [197,73,338,74,891,67,219],
breve => [198,52,349,52,873,103,201],
dotaccent => [199,74,74,74,861,126,190],
dieresis => [200,73,222,74,861,126,190],
ring => [202,62,207,63,822,207,148],
cedilla => [203,79,175,70,0,225,952],
hungarumlaut => [205,109,377,66,827,181,169],
ogonek => [206,73,155,74,31,191,955],
caron => [207,68,355,79,861,125,191],
emdash => [208,35,930,35,470,67,640],
AE => [225,-20,927,85,222,740,215],
ordfeminine => [227,-3,359,13,629,346,202],
Lslash => [232,59,458,0,222,740,215],
Oslash => [233,43,783,42,139,902,136],
OE => [234,45,1097,52,209,766,202],
ordmasculine => [235,12,344,13,629,346,202],
ae => [241,34,1079,44,209,574,394],
dotlessi => [245,65,70,65,222,547,408],
lslash => [248,43,216,41,222,740,215],
oslash => [249,41,572,40,158,678,341],
oe => [250,34,1070,33,209,574,394],
germandbls => [251,61,464,29,209,766,202],
Idieresis => [-1,2,222,2,222,928,27],
eacute => [-1,38,570,42,209,799,169],
abreve => [-1,42,579,62,209,767,201],
uhungarumlaut => [-1,62,479,67,209,799,169],
ecaron => [-1,38,570,42,209,777,191],
Ydieresis => [-1,1,591,0,222,928,27],
divide => [-1,51,504,51,209,532,436],
Yacute => [-1,1,591,0,222,949,6],
Acircumflex => [-1,12,717,11,222,927,28],
aacute => [-1,42,579,62,209,799,169],
Ucircumflex => [-1,75,504,76,209,940,28],
yacute => [-1,15,508,13,30,978,169],
scommaaccent => [-1,24,340,24,0,783,394],
ecircumflex => [-1,38,570,42,209,777,191],
Uring => [-1,75,504,76,209,968,0],
Udieresis => [-1,75,504,76,209,941,27],
aogonek => [-1,42,592,49,31,752,394],
Uacute => [-1,75,504,76,209,962,6],
uogonek => [-1,62,496,50,31,738,408],
Edieresis => [-1,70,405,61,222,928,27],
Dcroat => [-1,40,699,51,222,740,215],
commaaccent => [-1,23,146,81,0,168,1009],
copyright => [-1,-9,764,-8,210,764,203],
Emacron => [-1,70,405,61,222,899,56],
ccaron => [-1,41,566,40,209,777,191],
aring => [-1,42,579,62,209,820,148],
Ncommaaccent => [-1,75,589,76,20,942,215],
lacute => [-1,20,231,-51,222,949,6],
agrave => [-1,42,579,62,209,799,169],
Tcommaaccent => [-1,6,413,7,0,962,215],
Cacute => [-1,43,728,42,209,962,6],
atilde => [-1,42,579,62,209,767,201],
Edotaccent => [-1,70,405,61,222,928,27],
scaron => [-1,11,355,22,209,777,191],
scedilla => [-1,24,340,24,0,783,394],
iacute => [-1,30,231,-61,222,786,169],
lozenge => [-1,15,442,14,222,719,236],
Rcaron => [-1,70,502,35,222,927,28],
Gcommaaccent => [-1,40,788,44,0,975,202],
ucircumflex => [-1,62,479,67,209,777,191],
acircumflex => [-1,42,579,62,209,777,191],
Amacron => [-1,12,717,11,222,899,56],
rcaron => [-1,-3,355,-51,222,764,191],
ccedilla => [-1,41,566,40,0,783,394],
Zdotaccent => [-1,12,458,10,222,928,27],
Thorn => [-1,60,489,43,222,740,215],
Omacron => [-1,43,783,43,209,912,56],
Racute => [-1,70,502,35,222,949,6],
Sacute => [-1,22,451,25,209,962,6],
dcaron => [-1,39,753,-37,209,753,215],
Umacron => [-1,75,504,76,209,912,56],
uring => [-1,62,479,67,209,820,148],
threesuperior => [-1,18,300,14,511,458,208],
Ograve => [-1,43,783,43,209,962,6],
Agrave => [-1,12,717,11,222,949,6],
Abreve => [-1,12,717,11,222,917,38],
multiply => [-1,74,459,73,246,458,473],
uacute => [-1,62,479,67,209,799,169],
Tcaron => [-1,6,413,7,222,927,28],
partialdiff => [-1,22,432,22,184,742,251],
ydieresis => [-1,15,508,13,30,957,190],
Nacute => [-1,75,589,76,222,949,6],
icircumflex => [-1,-77,354,-77,222,764,191],
Ecircumflex => [-1,70,405,61,222,927,28],
adieresis => [-1,42,579,62,209,778,190],
edieresis => [-1,38,570,42,209,778,190],
cacute => [-1,41,566,40,209,799,169],
nacute => [-1,65,481,64,222,786,169],
umacron => [-1,62,479,67,209,749,219],
Ncaron => [-1,75,589,76,222,927,28],
Iacute => [-1,43,231,-48,222,949,6],
plusminus => [-1,51,504,51,198,542,437],
brokenbar => [-1,299,74,299,75,850,252],
registered => [-1,-9,764,-8,210,764,203],
Gbreve => [-1,40,788,44,209,930,38],
Idotaccent => [-1,76,74,76,222,928,27],
summation => [-1,15,571,14,212,716,249],
Egrave => [-1,70,405,61,222,949,6],
racute => [-1,65,267,-31,222,786,169],
omacron => [-1,42,572,41,209,749,219],
Zacute => [-1,12,458,10,222,949,6],
Zcaron => [-1,12,458,10,222,927,28],
greaterequal => [-1,26,497,26,222,658,297],
Eth => [-1,40,699,51,222,740,215],
Ccedilla => [-1,43,728,42,0,974,203],
lcommaaccent => [-1,-2,146,56,0,962,215],
tcaron => [-1,14,380,-35,222,780,175],
eogonek => [-1,38,570,42,31,752,394],
Uogonek => [-1,75,504,76,31,931,215],
Aacute => [-1,12,717,11,222,949,6],
Adieresis => [-1,12,717,11,222,928,27],
egrave => [-1,38,570,42,209,799,169],
zacute => [-1,10,405,10,222,786,169],
iogonek => [-1,11,155,34,31,931,215],
Oacute => [-1,43,783,43,209,962,6],
oacute => [-1,42,572,41,209,799,169],
amacron => [-1,42,579,62,209,749,219],
sacute => [-1,24,340,24,209,799,169],
idieresis => [-1,-11,222,-11,222,765,190],
Ocircumflex => [-1,43,783,43,209,940,28],
Ugrave => [-1,75,504,76,209,962,6],
Delta => [-1,6,602,4,222,688,267],
thorn => [-1,64,579,39,30,932,215],
twosuperior => [-1,19,299,14,518,451,208],
Odieresis => [-1,43,783,43,209,941,27],
mu => [-1,80,447,81,38,731,408],
igrave => [-1,-60,231,29,222,786,169],
ohungarumlaut => [-1,42,572,41,209,799,169],
Eogonek => [-1,70,405,61,31,931,215],
dcroat => [-1,39,641,5,209,753,215],
threequarters => [-1,46,738,47,222,747,208],
Scedilla => [-1,22,451,25,0,975,202],
lcaron => [-1,65,244,-49,222,740,215],
Kcommaaccent => [-1,81,510,0,20,942,215],
Lacute => [-1,82,380,0,222,949,6],
trademark => [-1,9,807,184,518,444,215],
edotaccent => [-1,38,570,42,209,778,190],
Igrave => [-1,-47,231,42,222,949,6],
Imacron => [-1,-31,287,-30,222,899,56],
Lcaron => [-1,82,380,0,222,740,215],
onehalf => [-1,81,669,81,222,740,215],
lessequal => [-1,26,497,26,222,658,297],
ocircumflex => [-1,42,572,41,209,777,191],
ntilde => [-1,65,481,64,222,754,201],
Uhungarumlaut => [-1,75,504,76,209,962,6],
Eacute => [-1,70,405,61,222,949,6],
emacron => [-1,38,570,42,209,749,219],
gbreve => [-1,37,569,67,7,969,201],
onequarter => [-1,100,629,102,222,740,215],
Scaron => [-1,22,451,25,209,940,28],
Scommaaccent => [-1,22,451,25,0,975,202],
Ohungarumlaut => [-1,43,783,43,209,962,6],
degree => [-1,56,288,56,643,288,246],
ograve => [-1,42,572,41,209,799,169],
Ccaron => [-1,43,728,42,209,940,28],
ugrave => [-1,62,479,67,209,799,169],
radical => [-1,7,440,6,164,814,199],
Dcaron => [-1,74,625,45,222,927,28],
rcommaaccent => [-1,8,283,10,0,783,394],
Ntilde => [-1,75,589,76,222,917,38],
otilde => [-1,42,572,41,209,767,201],
Rcommaaccent => [-1,70,502,35,20,942,215],
Lcommaaccent => [-1,82,380,0,0,962,215],
Atilde => [-1,12,717,11,222,917,38],
Aogonek => [-1,12,739,-11,31,931,215],
Aring => [-1,12,717,11,222,955,0],
Otilde => [-1,43,783,43,209,930,38],
zdotaccent => [-1,10,405,10,222,765,190],
Ecaron => [-1,70,405,61,222,927,28],
Iogonek => [-1,21,155,50,31,931,215],
kcommaaccent => [-1,70,428,4,20,942,215],
minus => [-1,51,504,51,441,68,668],
Icircumflex => [-1,-64,354,-64,222,927,28],
ncaron => [-1,65,481,64,222,764,191],
tcommaaccent => [-1,14,316,9,0,962,215],
logicalnot => [-1,51,504,51,331,279,567],
odieresis => [-1,42,572,41,209,778,190],
udieresis => [-1,62,479,67,209,778,190],
notequal => [-1,12,525,12,193,570,414],
gcommaaccent => [-1,37,569,67,7,1001,169],
eth => [-1,42,572,41,210,765,202],
zcaron => [-1,10,405,10,222,764,191],
ncommaaccent => [-1,65,481,64,20,763,394],
onesuperior => [-1,63,135,134,518,444,215],
imacron => [-1,-44,287,-43,222,736,219],
Euro => [-1,-32,605,-19,209,765,203],
Ccircumflex => [-1,44,726,43,209,978,-10],
ccircumflex => [-1,42,566,39,209,786,182],
Cdotaccent => [-1,44,726,43,209,978,-10],
cdotaccent => [-1,42,566,39,209,786,182],
Ebreve => [-1,76,404,56,222,959,-4],
ebreve => [-1,42,569,39,209,780,188],
Gcircumflex => [-1,44,787,41,209,978,-10],
gcircumflex => [-1,42,568,63,7,988,182],
Gdotaccent => [-1,44,787,41,209,978,-10],
gdotaccent => [-1,42,568,63,7,988,182],
Hcircumflex => [-1,76,531,76,222,965,-10],
hcircumflex => [-1,63,484,63,222,965,-10],
Hbar => [-1,12,662,9,222,739,216],
hbar => [-1,9,537,64,222,739,216],
Itilde => [-1,-32,290,-32,222,934,21],
itilde => [-1,-45,290,-45,222,742,213],
Ibreve => [-1,-39,304,-39,222,959,-4],
ibreve => [-1,-52,304,-52,222,767,188],
IJ => [-1,76,530,80,208,753,216],
ij => [-1,63,203,64,30,931,216],
Jcircumflex => [-1,11,535,-64,208,979,-10],
jcircumflex => [-1,-74,354,-77,30,969,178],
kgreenlandic => [-1,63,434,5,222,547,408],
Ldot => [-1,76,380,6,222,739,216],
ldot => [-1,63,222,35,222,739,216],
napostrophe => [-1,63,484,63,222,749,206],
Eng => [-1,76,588,76,22,939,216],
eng => [-1,63,484,63,21,761,395],
Obreve => [-1,44,781,44,209,972,-4],
obreve => [-1,42,571,42,209,780,188],
Scircumflex => [-1,22,454,22,209,978,-10],
scircumflex => [-1,18,389,-19,209,786,182],
Tbar => [-1,7,412,7,222,739,216],
tbar => [-1,12,315,12,222,739,216],
Tcedilla => [-1,6,413,7,0,962,215],
tcedilla => [-1,14,316,9,0,962,215],
Utilde => [-1,76,503,76,209,947,21],
utilde => [-1,63,482,63,209,755,213],
Ubreve => [-1,76,503,76,209,972,-4],
ubreve => [-1,63,482,63,209,780,188],
Wcircumflex => [-1,10,940,10,222,965,-10],
wcircumflex => [-1,7,817,7,222,773,182],
Ycircumflex => [-1,2,588,2,222,965,-10],
ycircumflex => [-1,9,518,9,30,965,182],
longs => [-1,16,295,3,222,739,216],
infinity => [-1,42,678,48,352,390,435],
'.notdef' => [-1,0,0,277,222,0,955]}});
