('AvantGarde-BookOblique' => {
  name            => 'AvantGarde-BookOblique',
  family          => 'ITC Avant Garde Gothic',
  height          => 1177,
  weight          => fw::Medium,
  style           => fs::Italic,
  pitch           => fp::Variable,
  vector          => 1,
  ascent          => 955,
  descent         => 222,
  maximalWidth    => 1177,
  width           => 1177,
  internalLeading => 177,
  externalLeading => 59,
  firstChar       => 32,
  lastChar        => 251,
  breakChar       => 32,
  defaultChar     => 32,
  xDeviceRes      => 72.27,
  yDeviceRes      => 72.27,
  size            => 1000,
  encoding        => 'Latin1',
  chardata        => {
space => [32,0,0,277,222,0,955],
exclam => [33,111,211,-27,222,740,215],
quotedbl => [34,130,280,-101,666,296,215],
numbersign => [35,71,549,-66,222,740,215],
dollar => [36,107,474,-27,152,881,144],
percent => [37,124,663,-12,209,764,204],
ampersand => [38,92,683,-18,210,765,202],
quoteright => [39,195,198,-42,768,194,215],
parenleft => [40,89,406,-126,17,962,198],
parenright => [41,-24,406,-13,17,962,198],
asterisk => [42,170,309,-54,668,294,215],
plus => [43,92,516,-2,222,506,449],
comma => [44,2,197,78,155,193,829],
hyphen => [45,76,284,-28,470,67,640],
period => [46,102,97,78,222,126,829],
slash => [47,25,515,-103,122,840,215],
zero => [48,71,551,-68,209,766,202],
one => [49,260,213,81,222,740,215],
two => [50,40,575,-61,222,753,202],
three => [51,73,492,-11,209,766,202],
four => [52,39,559,-44,222,740,215],
five => [53,69,536,-51,209,753,215],
six => [54,65,515,-26,209,752,216],
seven => [55,110,518,-74,222,740,215],
eight => [56,77,503,-26,209,766,202],
nine => [57,111,515,-72,222,752,203],
colon => [58,102,176,-1,222,548,407],
semicolon => [59,2,276,-1,155,615,407],
less => [60,87,562,-43,214,522,441],
equal => [61,73,554,-21,340,270,567],
greater => [62,51,562,-7,214,522,441],
question => [63,158,470,-37,222,752,203],
at => [64,126,762,-21,209,766,202],
A => [65,12,717,11,222,740,215],
B => [66,74,532,-32,222,740,215],
C => [67,105,765,-57,209,765,203],
D => [68,74,699,-29,222,740,215],
E => [69,70,542,-76,222,740,215],
F => [70,70,511,-96,222,740,215],
G => [71,103,788,-19,209,766,202],
H => [72,76,668,-61,222,740,215],
I => [73,76,211,-61,222,740,215],
J => [74,37,502,-57,209,753,215],
K => [75,81,647,-137,222,740,215],
L => [76,82,392,-12,222,740,215],
M => [77,76,904,-61,222,740,215],
N => [78,75,726,-61,222,740,215],
O => [79,105,796,-32,209,766,202],
P => [80,75,589,-72,222,740,215],
Q => [81,102,810,-41,209,766,202],
R => [82,70,599,-62,222,740,215],
S => [83,57,504,-63,209,766,202],
T => [84,131,425,-130,222,740,215],
U => [85,118,598,-61,209,753,215],
V => [86,145,685,-128,222,740,215],
W => [87,148,939,-127,222,740,215],
X => [88,8,716,-115,222,740,215],
Y => [89,138,591,-137,222,740,215],
Z => [90,12,584,-116,222,740,215],
bracketleft => [91,145,332,-126,43,932,202],
backslash => [92,255,203,147,122,840,215],
bracketright => [93,-19,331,39,43,932,202],
asciicircum => [94,110,500,-4,529,433,215],
underscore => [95,-23,509,14,97,50,1030],
quoteleft => [96,232,126,-7,768,194,215],
a => [97,88,634,-39,209,574,394],
b => [98,68,635,-21,209,753,215],
c => [99,87,591,-31,209,574,394],
d => [100,85,670,-70,209,753,215],
e => [101,84,580,-14,209,574,394],
f => [102,104,350,-140,222,753,202],
g => [103,56,651,-34,7,776,394],
h => [104,62,544,4,222,740,215],
i => [105,65,207,-72,222,740,215],
j => [106,-80,354,-71,30,932,215],
k => [107,70,518,-86,222,740,215],
l => [108,65,207,-72,222,740,215],
m => [109,66,872,0,222,561,394],
n => [110,65,544,1,222,561,394],
o => [111,88,581,-14,209,574,394],
p => [112,28,671,-17,30,753,394],
q => [113,83,634,-35,30,753,394],
r => [114,65,330,-94,222,561,394],
s => [115,49,375,-36,209,574,394],
t => [116,104,327,-92,222,740,215],
u => [117,100,542,-34,209,560,408],
v => [118,108,539,-93,222,547,408],
w => [119,114,807,-90,222,547,408],
x => [120,12,557,-89,222,547,408],
y => [121,97,527,-88,30,739,408],
z => [122,10,488,-73,222,547,408],
braceleft => [123,115,353,-117,33,929,215],
bar => [124,258,259,155,0,1000,177],
braceright => [125,-15,353,13,33,929,215],
asciitilde => [126,114,470,22,401,140,636],
exclamdown => [161,74,212,9,30,740,407],
cent => [162,115,481,-42,284,645,248],
sterling => [163,29,585,-60,222,753,202],
fraction => [164,-113,530,-251,222,740,215],
yen => [165,75,612,-133,222,740,215],
florin => [166,-39,708,-115,69,971,137],
section => [167,118,479,18,81,894,202],
currency => [168,24,621,-91,264,538,375],
quotesingle => [169,153,124,-79,666,296,215],
quotedblleft => [170,234,273,-5,768,194,215],
guillemotleft => [171,92,377,-44,303,400,474],
guilsinglleft => [172,92,203,-44,303,400,474],
guilsinglright => [173,60,203,-12,303,400,474],
fi => [174,104,455,-72,222,753,202],
fl => [175,104,453,-72,222,753,202],
endash => [177,81,442,-23,470,67,640],
dagger => [178,146,447,-40,89,873,215],
daggerdbl => [179,72,521,-40,89,873,215],
periodcentered => [180,137,98,42,412,126,639],
paragraph => [182,119,569,-124,112,850,215],
bullet => [183,217,311,78,444,310,423],
quotesinglbase => [184,76,198,80,154,194,829],
quotedblbase => [185,76,346,80,154,194,829],
quotedblright => [186,197,345,-58,768,194,215],
guillemotright => [187,60,377,-12,303,400,474],
ellipsis => [188,130,763,107,222,126,829],
perthousand => [189,128,1054,-8,209,764,204],
questiondown => [191,64,470,57,17,753,407],
grave => [193,204,221,-47,841,167,169],
acute => [194,203,241,-69,841,167,169],
circumflex => [195,192,354,-44,861,125,191],
tilde => [196,179,341,-81,873,103,201],
macron => [197,197,350,-62,891,67,219],
breve => [198,192,349,-88,873,103,201],
dotaccent => [199,192,98,-68,861,126,190],
dieresis => [200,191,246,-68,861,126,190],
ring => [202,191,210,-69,822,207,148],
cedilla => [203,52,179,93,0,225,952],
hungarumlaut => [205,230,393,-71,827,181,169],
ogonek => [206,53,149,100,31,191,955],
caron => [207,210,355,-63,861,125,191],
emdash => [208,81,942,-23,470,67,640],
AE => [225,-20,1064,-52,222,740,215],
ordfeminine => [227,102,392,-125,629,346,202],
Lslash => [232,107,422,-12,222,740,215],
Oslash => [233,76,853,-61,139,902,136],
OE => [234,107,1172,-85,209,766,202],
ordmasculine => [235,116,350,-97,629,346,202],
ae => [241,80,1089,-12,209,574,394],
dotlessi => [245,65,171,-36,222,547,408],
lslash => [248,95,259,-54,222,740,215],
oslash => [249,51,652,-50,158,678,341],
oe => [250,80,1080,-23,209,574,394],
germandbls => [251,61,517,-24,209,766,202],
Idieresis => [-1,76,320,-170,222,928,27],
eacute => [-1,84,580,-14,209,799,169],
abreve => [-1,88,634,-39,209,767,201],
uhungarumlaut => [-1,100,571,-63,209,799,169],
ecaron => [-1,84,580,-14,209,777,191],
Ydieresis => [-1,138,591,-137,222,928,27],
divide => [-1,92,516,-2,209,532,436],
Yacute => [-1,138,591,-137,222,949,6],
Acircumflex => [-1,12,717,11,222,927,28],
aacute => [-1,88,634,-39,209,799,169],
Ucircumflex => [-1,118,598,-61,209,940,28],
yacute => [-1,97,527,-88,30,978,169],
scommaaccent => [-1,49,375,-36,0,783,394],
ecircumflex => [-1,84,580,-14,209,777,191],
Uring => [-1,118,598,-61,209,968,0],
Udieresis => [-1,118,598,-61,209,941,27],
aogonek => [-1,88,634,-39,31,752,394],
Uacute => [-1,118,598,-61,209,962,6],
uogonek => [-1,100,542,-34,31,738,408],
Edieresis => [-1,70,542,-76,222,928,27],
Dcroat => [-1,104,709,-23,222,740,215],
commaaccent => [-1,-18,177,91,0,168,1009],
copyright => [-1,53,777,-83,210,764,203],
Emacron => [-1,70,542,-76,222,899,56],
ccaron => [-1,87,591,-31,209,777,191],
aring => [-1,88,634,-39,209,820,148],
Ncommaaccent => [-1,75,726,-61,20,942,215],
lacute => [-1,65,351,-216,222,949,6],
agrave => [-1,88,634,-39,209,799,169],
Tcommaaccent => [-1,70,486,-130,0,962,215],
Cacute => [-1,105,765,-57,209,962,6],
atilde => [-1,88,634,-39,209,767,201],
Edotaccent => [-1,70,542,-76,222,928,27],
scaron => [-1,49,459,-120,209,777,191],
scedilla => [-1,49,375,-36,0,783,394],
iacute => [-1,65,331,-196,222,786,169],
lozenge => [-1,82,442,-53,222,719,236],
Rcaron => [-1,70,599,-62,222,927,28],
Gcommaaccent => [-1,103,788,-19,0,975,202],
ucircumflex => [-1,100,542,-34,209,777,191],
acircumflex => [-1,88,634,-39,209,777,191],
Amacron => [-1,12,717,11,222,899,56],
rcaron => [-1,65,429,-193,222,764,191],
ccedilla => [-1,87,591,-31,0,783,394],
Zdotaccent => [-1,12,584,-116,222,928,27],
Thorn => [-1,60,561,-29,222,740,215],
Omacron => [-1,105,796,-32,209,912,56],
Racute => [-1,70,599,-62,222,949,6],
Sacute => [-1,57,504,-63,209,962,6],
dcaron => [-1,85,844,-174,209,753,215],
Umacron => [-1,118,598,-61,209,912,56],
uring => [-1,100,542,-34,209,820,148],
threesuperior => [-1,98,310,-76,511,458,208],
Ograve => [-1,105,796,-32,209,962,6],
Agrave => [-1,12,717,11,222,949,6],
Abreve => [-1,12,717,11,222,917,38],
multiply => [-1,87,525,-6,246,458,473],
uacute => [-1,100,542,-34,209,799,169],
Tcaron => [-1,131,426,-131,222,927,28],
partialdiff => [-1,46,483,-53,184,742,251],
ydieresis => [-1,97,527,-88,30,957,190],
Nacute => [-1,75,726,-61,222,949,6],
icircumflex => [-1,41,354,-195,222,764,191],
Ecircumflex => [-1,70,542,-76,222,927,28],
adieresis => [-1,88,634,-39,209,778,190],
edieresis => [-1,84,580,-14,209,778,190],
cacute => [-1,87,591,-31,209,799,169],
nacute => [-1,65,544,1,222,786,169],
umacron => [-1,100,542,-34,209,749,219],
Ncaron => [-1,75,726,-61,222,927,28],
Iacute => [-1,76,363,-213,222,949,6],
plusminus => [-1,47,571,-12,198,542,437],
brokenbar => [-1,272,231,169,75,850,252],
registered => [-1,53,777,-83,210,764,203],
Gbreve => [-1,103,788,-19,209,930,38],
Idotaccent => [-1,76,246,-96,222,928,27],
summation => [-1,15,637,-52,212,716,249],
Egrave => [-1,70,542,-76,222,949,6],
racute => [-1,65,402,-166,222,786,169],
omacron => [-1,88,581,-14,209,749,219],
Zacute => [-1,12,584,-116,222,949,6],
Zcaron => [-1,12,584,-116,222,927,28],
greaterequal => [-1,26,578,-55,222,658,297],
Eth => [-1,104,709,-23,222,740,215],
Ccedilla => [-1,105,765,-57,0,974,203],
lcommaaccent => [-1,-43,315,-72,0,962,215],
tcaron => [-1,104,435,-180,222,780,175],
eogonek => [-1,84,580,-14,31,752,394],
Uogonek => [-1,118,598,-61,31,931,215],
Aacute => [-1,12,717,11,222,949,6],
Adieresis => [-1,12,717,11,222,928,27],
egrave => [-1,84,580,-14,209,799,169],
zacute => [-1,10,488,-73,222,786,169],
iogonek => [-1,-8,280,-72,31,931,215],
Oacute => [-1,105,796,-32,209,962,6],
oacute => [-1,88,581,-14,209,799,169],
amacron => [-1,88,634,-39,209,749,219],
sacute => [-1,49,402,-63,209,799,169],
idieresis => [-1,65,288,-153,222,765,190],
Ocircumflex => [-1,105,796,-32,209,940,28],
Ugrave => [-1,118,598,-61,209,962,6],
Delta => [-1,6,602,4,222,688,267],
thorn => [-1,28,671,-17,30,932,215],
twosuperior => [-1,74,359,-101,518,451,208],
Odieresis => [-1,105,796,-32,209,941,27],
mu => [-1,46,582,-20,38,731,408],
igrave => [-1,65,231,-96,222,786,169],
ohungarumlaut => [-1,88,627,-60,209,799,169],
Eogonek => [-1,70,542,-76,31,931,215],
dcroat => [-1,85,716,-116,209,753,215],
threequarters => [-1,126,699,6,222,747,208],
Scedilla => [-1,57,504,-63,0,975,202],
lcaron => [-1,65,381,-186,222,740,215],
Kcommaaccent => [-1,81,647,-137,20,942,215],
Lacute => [-1,82,436,-56,222,949,6],
trademark => [-1,137,816,47,518,444,215],
edotaccent => [-1,84,580,-14,209,778,190],
Igrave => [-1,76,264,-114,222,949,6],
Imacron => [-1,76,347,-197,222,899,56],
Lcaron => [-1,82,510,-130,222,740,215],
onehalf => [-1,164,646,21,222,740,215],
lessequal => [-1,26,619,-96,222,658,297],
ocircumflex => [-1,88,581,-14,209,777,191],
ntilde => [-1,65,544,1,222,754,201],
Uhungarumlaut => [-1,118,607,-70,209,962,6],
Eacute => [-1,70,542,-76,222,949,6],
emacron => [-1,84,580,-14,209,749,219],
gbreve => [-1,56,651,-34,7,969,201],
onequarter => [-1,183,587,61,222,740,215],
Scaron => [-1,57,536,-95,209,940,28],
Scommaaccent => [-1,57,504,-63,0,975,202],
Ohungarumlaut => [-1,105,796,-32,209,962,6],
degree => [-1,158,293,-51,643,288,246],
ograve => [-1,88,581,-14,209,799,169],
Ccaron => [-1,105,765,-57,209,940,28],
ugrave => [-1,100,542,-34,209,799,169],
radical => [-1,78,507,-132,164,814,199],
Dcaron => [-1,74,699,-29,222,927,28],
rcommaaccent => [-1,-33,428,-94,0,783,394],
Ntilde => [-1,75,726,-61,222,917,38],
otilde => [-1,88,581,-14,209,767,201],
Rcommaaccent => [-1,70,599,-62,20,942,215],
Lcommaaccent => [-1,82,392,-12,0,962,215],
Atilde => [-1,12,717,11,222,917,38],
Aogonek => [-1,12,717,11,31,931,215],
Aring => [-1,12,717,11,222,955,0],
Otilde => [-1,105,796,-32,209,930,38],
zdotaccent => [-1,10,488,-73,222,765,190],
Ecaron => [-1,70,542,-76,222,927,28],
Iogonek => [-1,1,286,-61,31,931,215],
kcommaaccent => [-1,70,518,-86,20,942,215],
minus => [-1,92,516,-2,441,68,668],
Icircumflex => [-1,76,363,-213,222,927,28],
ncaron => [-1,65,554,-9,222,764,191],
tcommaaccent => [-1,27,404,-92,0,962,215],
logicalnot => [-1,110,517,-21,331,279,567],
odieresis => [-1,88,581,-14,209,778,190],
udieresis => [-1,100,542,-34,209,778,190],
notequal => [-1,33,577,-61,193,570,414],
gcommaaccent => [-1,56,651,-34,7,1001,169],
eth => [-1,88,587,-20,210,765,202],
zcaron => [-1,10,517,-102,222,764,191],
ncommaaccent => [-1,65,544,1,20,763,394],
onesuperior => [-1,190,145,-3,518,444,215],
imacron => [-1,65,314,-179,222,736,219],
Euro => [-1,-32,670,-84,209,765,203],
Ccircumflex => [-1,106,763,-56,209,978,-10],
ccircumflex => [-1,88,591,-32,209,786,182],
Cdotaccent => [-1,106,763,-56,209,978,-10],
cdotaccent => [-1,88,591,-32,209,786,182],
Ebreve => [-1,76,541,-81,222,956,-1],
ebreve => [-1,88,577,-15,209,777,191],
Gcircumflex => [-1,107,787,-22,209,978,-10],
gcircumflex => [-1,60,651,-38,7,988,182],
Gdotaccent => [-1,107,787,-22,209,978,-10],
gdotaccent => [-1,60,651,-38,7,988,182],
Hcircumflex => [-1,76,668,-61,222,965,-10],
hcircumflex => [-1,63,574,-27,222,965,-10],
Hbar => [-1,76,702,-95,222,739,216],
hbar => [-1,63,546,1,222,739,216],
Itilde => [-1,76,345,-195,222,940,15],
itilde => [-1,63,310,-173,222,748,207],
Ibreve => [-1,76,366,-216,222,956,-1],
ibreve => [-1,63,331,-194,222,764,191],
IJ => [-1,76,667,-57,208,753,216],
ij => [-1,63,378,-71,30,931,216],
Jcircumflex => [-1,41,651,-210,208,979,-10],
jcircumflex => [-1,-81,473,-189,30,941,206],
kgreenlandic => [-1,63,488,-80,222,547,408],
Ldot => [-1,76,392,-6,222,739,216],
ldot => [-1,63,287,42,222,739,216],
napostrophe => [-1,63,546,1,222,739,216],
Eng => [-1,76,725,-61,38,923,216],
eng => [-1,63,546,1,38,744,395],
Obreve => [-1,106,794,-31,209,969,-1],
obreve => [-1,87,582,-14,209,777,191],
Scircumflex => [-1,56,523,-81,209,978,-10],
scircumflex => [-1,43,441,-96,209,786,182],
Tbar => [-1,120,436,-130,222,739,216],
tbar => [-1,74,354,-89,222,739,216],
Tcedilla => [-1,70,486,-130,0,962,215],
tcedilla => [-1,27,404,-92,0,962,215],
Utilde => [-1,119,597,-61,209,953,15],
utilde => [-1,99,547,-38,209,761,207],
Ubreve => [-1,119,597,-61,209,969,-1],
ubreve => [-1,99,547,-38,209,777,191],
Wcircumflex => [-1,147,940,-127,222,965,-10],
wcircumflex => [-1,108,817,-94,222,773,182],
Ycircumflex => [-1,139,588,-135,222,965,-10],
ycircumflex => [-1,97,531,-92,30,965,182],
longs => [-1,101,346,-133,222,739,216],
infinity => [-1,38,687,43,352,390,435],
'.notdef' => [-1,0,0,277,222,0,955]}});
