('Bookman-Light' => {
  name            => 'Bookman-Light',
  family          => 'ITC Bookman',
  height          => 1159,
  weight          => fw::Light,
  style           => fs::Normal,
  pitch           => fp::Variable,
  vector          => 1,
  ascent          => 908,
  descent         => 251,
  maximalWidth    => 1159,
  width           => 1159,
  internalLeading => 159,
  externalLeading => 53,
  firstChar       => 32,
  lastChar        => 251,
  breakChar       => 32,
  defaultChar     => 32,
  xDeviceRes      => 72.27,
  yDeviceRes      => 72.27,
  size            => 1000,
  encoding        => 'Latin1',
  chardata        => {
space => [32,0,0,320,251,0,908],
exclam => [33,75,144,81,243,706,210],
quotedbl => [34,56,267,57,709,240,210],
numbersign => [35,65,491,64,251,681,227],
dollar => [36,34,559,27,142,900,117],
percent => [37,22,851,27,243,706,210],
ampersand => [38,45,742,13,234,715,210],
quoteright => [39,46,132,42,731,218,210],
parenleft => [40,76,202,22,106,872,181],
parenright => [41,17,202,81,105,873,181],
asterisk => [42,54,337,49,576,373,210],
plus => [43,51,504,45,259,505,395],
comma => [44,90,133,97,137,228,794],
hyphen => [45,50,300,50,483,60,616],
period => [46,92,128,100,243,131,785],
slash => [47,74,458,68,102,866,191],
zero => [48,40,546,34,234,715,210],
one => [49,160,341,119,251,681,227],
two => [50,42,534,44,251,698,210],
three => [51,40,536,44,234,715,210],
four => [52,25,575,20,251,681,227],
five => [53,60,524,36,234,734,191],
six => [54,45,545,30,234,715,210],
seven => [55,60,526,34,251,681,227],
eight => [56,44,539,37,234,715,210],
nine => [57,37,539,44,234,715,210],
colon => [58,92,128,100,243,502,414],
semicolon => [59,90,133,97,137,608,414],
less => [60,49,509,42,249,528,382],
equal => [61,51,504,45,377,272,510],
greater => [62,48,509,43,249,528,382],
question => [63,27,487,26,243,706,210],
at => [64,55,700,65,234,715,210],
A => [65,-37,751,-34,251,681,227],
B => [66,31,671,38,251,681,227],
C => [67,44,658,38,234,715,210],
D => [68,31,721,48,251,681,227],
E => [69,31,674,15,251,681,227],
F => [70,31,623,-14,251,681,227],
G => [71,44,734,22,234,715,210],
H => [72,31,738,31,251,681,227],
I => [73,31,270,39,251,681,227],
J => [74,-23,590,33,234,698,227],
K => [75,31,719,-30,251,681,227],
L => [76,31,598,-29,251,681,227],
M => [77,26,868,26,251,681,227],
N => [78,26,696,18,251,681,227],
O => [79,44,714,42,234,715,210],
P => [80,31,582,7,251,681,227],
Q => [81,44,725,51,62,887,210],
R => [82,31,726,-37,251,681,227],
S => [83,28,606,26,234,715,210],
T => [84,-37,693,-36,251,681,227],
U => [85,25,729,26,234,698,227],
V => [86,-30,755,-25,251,681,227],
W => [87,-30,1014,-24,251,681,227],
X => [88,-30,785,-35,251,681,227],
Y => [89,-30,696,-26,251,681,227],
Z => [90,10,646,-16,251,681,227],
bracketleft => [91,92,166,42,115,853,191],
backslash => [92,74,458,68,251,717,191],
bracketright => [93,41,166,93,115,853,191],
asciicircum => [94,52,502,46,527,405,227],
underscore => [95,0,500,0,126,50,983],
quoteleft => [96,46,132,42,730,219,210],
a => [97,35,552,-7,243,502,414],
b => [98,-2,584,38,243,725,191],
c => [99,37,461,22,243,502,414],
d => [100,37,554,29,243,725,191],
e => [101,37,454,29,243,502,414],
f => [102,20,394,-94,251,734,174],
g => [103,17,525,-2,8,810,341],
h => [104,20,623,17,251,717,191],
i => [105,20,268,12,251,654,254],
j => [106,-109,323,86,0,905,254],
k => [107,20,608,-8,251,717,191],
l => [108,20,266,14,251,717,191],
m => [109,17,911,12,251,494,414],
n => [110,20,629,11,251,494,414],
o => [111,37,489,34,243,502,414],
p => [112,20,563,37,23,722,414],
q => [113,37,552,-9,23,722,414],
r => [114,20,427,-7,251,494,414],
s => [115,40,447,33,243,502,414],
t => [116,20,368,-8,243,675,241],
u => [117,20,633,27,243,492,424],
v => [118,-23,557,-14,251,484,424],
w => [119,-19,823,-24,251,484,424],
x => [120,-16,592,-16,251,484,424],
y => [121,-23,572,-9,15,720,424],
z => [122,7,469,4,251,484,424],
braceleft => [123,21,239,20,115,853,191],
bar => [124,264,78,258,1,1000,158],
braceright => [125,21,239,20,115,853,191],
asciitilde => [126,52,504,44,424,179,556],
exclamdown => [161,75,144,81,37,708,414],
cent => [162,116,395,109,271,631,257],
sterling => [163,8,623,-11,234,715,210],
fraction => [164,-188,523,-195,251,681,227],
yen => [165,-22,669,-27,251,681,227],
florin => [166,-29,662,-13,96,904,159],
section => [167,33,453,34,73,876,210],
currency => [168,58,505,57,340,502,317],
quotesingle => [169,67,86,67,709,240,210],
quotedblleft => [170,46,302,52,730,219,210],
guillemotleft => [171,51,261,48,340,348,471],
guilsinglleft => [172,51,138,51,340,348,471],
guilsinglright => [173,51,138,51,340,348,471],
fi => [174,20,588,12,251,734,174],
fl => [175,20,586,14,251,734,174],
endash => [177,-15,530,-15,483,60,616],
dagger => [178,79,376,85,95,854,210],
daggerdbl => [179,79,376,85,95,854,210],
periodcentered => [180,92,128,100,447,131,581],
paragraph => [182,14,563,23,251,681,227],
bullet => [183,60,344,56,421,341,397],
quotesinglbase => [184,46,132,42,143,218,798],
quotedblbase => [185,46,302,52,143,218,798],
quotedblright => [186,46,302,52,731,218,210],
guillemotright => [187,51,261,48,340,348,471],
ellipsis => [188,101,797,102,243,131,785],
perthousand => [189,22,1244,14,243,706,210],
questiondown => [191,23,487,30,34,711,414],
grave => [193,68,206,66,822,118,219],
acute => [194,68,206,66,822,118,219],
circumflex => [195,68,284,68,818,118,223],
tilde => [196,68,307,65,823,89,247],
macron => [197,68,296,76,838,48,273],
breve => [198,68,328,64,819,119,221],
dotaccent => [199,68,118,74,815,120,224],
dieresis => [200,68,281,71,784,122,253],
ring => [202,68,184,68,797,185,177],
cedilla => [203,68,189,63,51,200,908],
hungarumlaut => [205,68,243,69,789,160,210],
ogonek => [206,38,220,62,98,153,908],
caron => [207,68,284,68,805,118,236],
emdash => [208,-15,1030,-15,483,60,616],
AE => [225,-36,1286,10,251,681,227],
ordfeminine => [227,49,344,27,646,303,210],
Lslash => [232,31,598,-29,251,681,227],
Oslash => [233,44,714,42,198,786,175],
OE => [234,44,1170,26,234,715,210],
ordmasculine => [235,56,305,59,645,304,210],
ae => [241,35,797,28,243,502,414],
dotlessi => [245,20,268,12,251,484,424],
lslash => [248,20,271,29,251,717,191],
oslash => [249,37,489,34,211,574,374],
oe => [250,37,839,24,243,502,414],
germandbls => [251,-109,723,46,141,808,210],
Idieresis => [-1,28,281,31,251,851,57],
eacute => [-1,37,454,29,243,697,219],
abreve => [-1,35,552,-7,243,695,221],
uhungarumlaut => [-1,20,633,27,243,706,210],
ecaron => [-1,37,454,29,243,680,236],
Ydieresis => [-1,-30,696,-26,251,851,57],
divide => [-1,51,504,45,261,504,394],
Yacute => [-1,-30,696,-26,251,866,42],
Acircumflex => [-1,-37,751,-34,251,862,46],
aacute => [-1,35,552,-7,243,697,219],
Ucircumflex => [-1,25,729,26,234,879,46],
yacute => [-1,-23,572,-9,15,925,219],
scommaaccent => [-1,40,447,33,0,745,414],
ecircumflex => [-1,37,454,29,243,693,223],
Uring => [-1,25,729,26,234,925,0],
Udieresis => [-1,25,729,26,234,868,57],
aogonek => [-1,35,553,-8,98,647,414],
Uacute => [-1,25,729,26,234,883,42],
uogonek => [-1,20,633,27,98,637,424],
Edieresis => [-1,31,674,15,251,851,57],
Dcroat => [-1,31,721,48,251,681,227],
commaaccent => [-1,66,119,65,0,201,958],
copyright => [-1,24,700,16,234,715,210],
Emacron => [-1,31,674,15,251,812,96],
ccaron => [-1,37,461,22,243,680,236],
aring => [-1,35,552,-7,243,739,177],
Ncommaaccent => [-1,26,696,18,0,932,227],
lacute => [-1,20,274,6,251,866,42],
agrave => [-1,35,552,-7,243,697,219],
Tcommaaccent => [-1,-37,693,-36,0,932,227],
Cacute => [-1,44,658,38,234,883,42],
atilde => [-1,35,552,-7,243,669,247],
Edotaccent => [-1,31,674,15,251,880,28],
scaron => [-1,40,447,33,243,680,236],
scedilla => [-1,40,447,33,51,694,414],
iacute => [-1,20,274,6,251,689,219],
lozenge => [-1,10,452,9,251,728,180],
Rcaron => [-1,31,726,-37,251,849,59],
Gcommaaccent => [-1,44,734,22,0,949,210],
ucircumflex => [-1,20,633,27,243,693,223],
acircumflex => [-1,35,552,-7,243,693,223],
Amacron => [-1,-37,751,-34,251,812,96],
rcaron => [-1,20,427,-7,251,672,236],
ccedilla => [-1,37,461,22,51,694,414],
Zdotaccent => [-1,10,646,-16,251,880,28],
Thorn => [-1,31,582,7,251,681,227],
Omacron => [-1,44,714,42,234,829,96],
Racute => [-1,31,726,-37,251,866,42],
Sacute => [-1,28,606,26,234,883,42],
dcaron => [-1,37,664,-11,243,740,176],
Umacron => [-1,25,729,26,234,829,96],
uring => [-1,20,633,27,243,739,177],
threesuperior => [-1,12,348,12,520,429,210],
Ograve => [-1,44,714,42,234,883,42],
Agrave => [-1,-37,751,-34,251,866,42],
Abreve => [-1,-37,751,-34,251,864,44],
multiply => [-1,51,504,45,260,504,395],
uacute => [-1,20,633,27,243,697,219],
Tcaron => [-1,-37,693,-36,251,849,59],
partialdiff => [-1,34,408,34,230,728,201],
ydieresis => [-1,-23,572,-9,15,910,234],
Nacute => [-1,26,696,18,251,866,42],
icircumflex => [-1,8,284,8,251,685,223],
Ecircumflex => [-1,31,674,15,251,862,46],
adieresis => [-1,35,552,-7,243,682,234],
edieresis => [-1,37,454,29,243,682,234],
cacute => [-1,37,461,22,243,697,219],
nacute => [-1,20,629,11,251,689,219],
umacron => [-1,20,633,27,243,643,273],
Ncaron => [-1,26,696,18,251,849,59],
Iacute => [-1,31,270,39,251,866,42],
plusminus => [-1,51,504,45,251,513,395],
brokenbar => [-1,264,78,258,76,850,233],
registered => [-1,23,700,17,234,715,210],
Gbreve => [-1,44,734,22,234,881,44],
Idotaccent => [-1,31,270,39,251,880,28],
summation => [-1,15,571,14,241,716,202],
Egrave => [-1,31,674,15,251,866,42],
racute => [-1,20,427,-7,251,689,219],
omacron => [-1,37,489,34,243,643,273],
Zacute => [-1,10,646,-16,251,866,42],
Zcaron => [-1,10,646,-16,251,849,59],
greaterequal => [-1,29,497,23,251,635,273],
Eth => [-1,31,721,48,251,681,227],
Ccedilla => [-1,44,658,38,51,898,210],
lcommaaccent => [-1,20,266,14,0,968,191],
tcaron => [-1,20,368,-8,243,755,161],
eogonek => [-1,37,454,29,97,648,414],
Uogonek => [-1,25,729,26,98,834,227],
Aacute => [-1,-37,751,-34,251,866,42],
Adieresis => [-1,-37,751,-34,251,851,57],
egrave => [-1,37,454,29,243,697,219],
zacute => [-1,7,469,4,251,689,219],
iogonek => [-1,20,269,11,98,807,254],
Oacute => [-1,44,714,42,234,883,42],
oacute => [-1,37,489,34,243,697,219],
amacron => [-1,35,552,-7,243,643,273],
sacute => [-1,40,447,33,243,697,219],
idieresis => [-1,8,281,11,251,674,234],
Ocircumflex => [-1,44,714,42,234,879,46],
Ugrave => [-1,25,729,26,234,883,42],
Delta => [-1,6,602,6,251,688,220],
thorn => [-1,20,563,37,23,945,191],
twosuperior => [-1,20,347,5,530,419,210],
Odieresis => [-1,44,714,42,234,868,57],
mu => [-1,20,633,27,0,735,424],
igrave => [-1,20,268,12,251,689,219],
ohungarumlaut => [-1,37,489,34,243,706,210],
Eogonek => [-1,31,674,15,98,834,227],
dcroat => [-1,37,575,8,243,725,191],
threequarters => [-1,52,837,41,251,691,217],
Scedilla => [-1,28,606,26,51,898,210],
lcaron => [-1,20,363,-11,251,732,176],
Kcommaaccent => [-1,31,719,-30,0,932,227],
Lacute => [-1,31,598,-29,251,866,42],
trademark => [-1,34,896,50,528,404,227],
edotaccent => [-1,37,454,29,243,711,205],
Igrave => [-1,31,270,39,251,866,42],
Imacron => [-1,18,296,26,251,812,96],
Lcaron => [-1,31,598,-29,251,707,201],
onehalf => [-1,80,805,45,251,681,227],
lessequal => [-1,29,497,23,251,635,273],
ocircumflex => [-1,37,489,34,243,693,223],
ntilde => [-1,20,629,11,251,661,247],
Uhungarumlaut => [-1,25,729,26,234,892,33],
Eacute => [-1,31,674,15,251,866,42],
emacron => [-1,37,454,29,243,643,273],
gbreve => [-1,17,525,-2,8,930,221],
onequarter => [-1,80,789,61,251,681,227],
Scaron => [-1,28,606,26,234,866,59],
Scommaaccent => [-1,28,606,26,0,949,210],
Ohungarumlaut => [-1,44,714,42,234,892,33],
degree => [-1,50,300,50,649,300,210],
ograve => [-1,37,489,34,243,697,219],
Ccaron => [-1,44,658,38,234,866,59],
ugrave => [-1,20,633,27,243,697,219],
radical => [-1,-4,462,-5,171,842,146],
Dcaron => [-1,31,721,48,251,849,59],
rcommaaccent => [-1,20,427,-7,0,745,414],
Ntilde => [-1,26,696,18,251,838,70],
otilde => [-1,37,489,34,243,669,247],
Rcommaaccent => [-1,31,726,-37,0,932,227],
Lcommaaccent => [-1,31,598,-29,0,932,227],
Atilde => [-1,-37,751,-34,251,838,70],
Aogonek => [-1,-37,755,-38,98,834,227],
Aring => [-1,-37,751,-34,251,908,0],
Otilde => [-1,44,714,42,234,855,70],
zdotaccent => [-1,7,469,4,251,703,205],
Ecaron => [-1,31,674,15,251,849,59],
Iogonek => [-1,31,271,38,98,834,227],
kcommaaccent => [-1,20,608,-8,0,968,191],
minus => [-1,51,504,45,475,76,608],
Icircumflex => [-1,28,284,28,251,862,46],
ncaron => [-1,20,629,11,251,672,236],
tcommaaccent => [-1,20,368,-8,0,918,241],
logicalnot => [-1,51,504,45,379,270,510],
odieresis => [-1,37,489,34,243,682,234],
udieresis => [-1,20,633,27,243,682,234],
notequal => [-1,15,525,9,235,545,379],
gcommaaccent => [-1,17,525,-2,8,1008,143],
eth => [-1,37,489,34,243,742,174],
zcaron => [-1,7,469,4,251,672,236],
ncommaaccent => [-1,20,629,11,0,745,414],
onesuperior => [-1,80,222,70,530,409,220],
imacron => [-1,-2,296,6,251,635,273],
Euro => [-1,17,565,38,238,707,214],
Ccircumflex => [-1,44,658,38,238,912,9],
ccircumflex => [-1,37,461,22,242,712,205],
Cdotaccent => [-1,44,658,38,238,912,9],
cdotaccent => [-1,37,461,22,242,712,205],
Ebreve => [-1,31,674,15,251,900,8],
ebreve => [-1,37,454,29,242,713,204],
Gcircumflex => [-1,44,734,22,238,912,9],
gcircumflex => [-1,17,525,-2,10,1022,127],
Gdotaccent => [-1,44,734,22,238,912,9],
gdotaccent => [-1,17,525,-2,10,1022,127],
Hcircumflex => [-1,31,738,31,251,899,9],
hcircumflex => [-1,20,623,17,251,935,-27],
Hbar => [-1,31,738,31,251,681,227],
hbar => [-1,7,636,17,251,717,191],
Itilde => [-1,12,307,21,251,867,41],
itilde => [-1,0,307,-7,251,671,237],
Ibreve => [-1,2,328,10,251,900,8],
ibreve => [-1,-10,328,-18,251,704,204],
IJ => [-1,31,836,43,238,694,227],
ij => [-1,20,454,72,10,895,254],
Jcircumflex => [-1,-23,590,33,238,912,9],
jcircumflex => [-1,-109,405,4,10,923,226],
kgreenlandic => [-1,20,604,14,239,509,411],
Ldot => [-1,31,598,-29,251,681,227],
ldot => [-1,20,368,68,251,717,191],
napostrophe => [-1,20,629,11,251,721,187],
Obreve => [-1,44,714,42,238,913,8],
obreve => [-1,37,489,34,242,713,204],
Scircumflex => [-1,28,606,26,238,912,9],
scircumflex => [-1,40,447,33,242,712,205],
Tbar => [-1,-37,693,-36,251,681,227],
tbar => [-1,19,369,-8,242,676,241],
Tcedilla => [-1,-37,693,-36,0,932,227],
tcedilla => [-1,20,368,-8,0,918,241],
Utilde => [-1,25,729,26,238,880,41],
utilde => [-1,20,633,27,242,680,237],
Ubreve => [-1,25,729,26,238,913,8],
ubreve => [-1,20,633,27,242,713,204],
Wcircumflex => [-1,-30,1014,-24,251,899,9],
wcircumflex => [-1,-19,823,-24,251,703,205],
Ycircumflex => [-1,-30,696,-26,251,899,9],
ycircumflex => [-1,-23,572,-9,10,944,205],
longs => [-1,20,394,-94,251,734,174],
infinity => [-1,16,650,22,315,456,388],
'.notdef' => [-1,0,0,320,251,0,908]}});
