('Bookman-LightItalic' => {
  name            => 'Bookman-LightItalic',
  family          => 'ITC Bookman',
  height          => 1133,
  weight          => fw::Light,
  style           => fs::Italic,
  pitch           => fp::Variable,
  vector          => 1,
  ascent          => 883,
  descent         => 250,
  maximalWidth    => 1133,
  width           => 1133,
  internalLeading => 133,
  externalLeading => 44,
  firstChar       => 32,
  lastChar        => 251,
  breakChar       => 32,
  defaultChar     => 32,
  xDeviceRes      => 72.27,
  yDeviceRes      => 72.27,
  size            => 1000,
  encoding        => 'Latin1',
  chardata        => {
space => [32,0,0,300,250,0,883],
exclam => [33,103,239,-22,242,706,185],
quotedbl => [34,107,295,-42,718,231,184],
numbersign => [35,107,491,22,250,681,202],
dollar => [36,78,541,1,165,847,121],
percent => [37,56,755,-11,242,699,192],
ampersand => [38,65,783,-28,232,716,185],
quoteright => [39,148,140,-8,720,228,185],
parenleft => [40,96,287,-103,104,873,156],
parenright => [41,-8,287,1,104,873,156],
asterisk => [42,139,366,-65,574,374,185],
plus => [43,91,504,5,293,505,335],
comma => [44,88,139,73,135,227,771],
hyphen => [45,78,258,-16,519,56,558],
period => [46,96,135,69,242,135,756],
slash => [47,104,458,38,101,866,166],
zero => [48,86,560,-26,233,715,185],
one => [49,154,346,120,250,681,202],
two => [50,66,570,-16,250,698,185],
three => [51,55,567,-2,233,715,185],
four => [52,69,565,-14,250,681,202],
five => [53,70,544,6,233,698,202],
six => [54,89,568,-37,233,715,185],
seven => [55,143,529,-52,250,681,202],
eight => [56,61,594,-35,233,715,185],
nine => [57,77,572,-29,233,715,185],
colon => [58,96,196,8,242,502,389],
semicolon => [59,88,204,8,136,608,389],
less => [60,79,509,12,283,528,322],
equal => [61,91,504,5,411,272,450],
greater => [62,93,509,-2,283,528,322],
question => [63,114,490,-64,242,706,185],
at => [64,102,700,-22,233,715,185],
A => [65,-25,745,-20,250,681,202],
B => [66,21,725,-26,250,681,202],
C => [67,88,658,-26,233,715,185],
D => [68,21,761,-42,250,681,202],
E => [69,21,715,-56,250,681,202],
F => [70,21,722,-123,250,681,202],
G => [71,88,725,-53,233,715,185],
H => [72,21,867,-88,250,681,202],
I => [73,21,391,-92,250,681,202],
J => [74,-2,668,-106,233,698,202],
K => [75,21,783,-84,250,681,202],
L => [76,21,635,-76,250,681,202],
M => [77,18,938,-96,250,681,202],
N => [78,18,805,-103,250,681,202],
O => [79,88,711,-39,233,715,185],
P => [80,21,660,-81,250,681,202],
Q => [81,61,751,-32,59,889,185],
R => [82,21,715,-36,250,681,202],
S => [83,61,607,-28,233,715,185],
T => [84,50,675,-125,250,681,202],
U => [85,118,724,-122,233,698,202],
V => [86,87,728,-135,250,681,202],
W => [87,87,1008,-135,250,681,202],
X => [88,-25,840,-115,250,681,202],
Y => [89,87,722,-149,250,681,202],
Z => [90,8,687,-115,250,681,202],
bracketleft => [91,56,295,-91,114,853,166],
backslash => [92,84,458,58,250,717,166],
bracketright => [93,15,294,-49,114,853,166],
asciicircum => [94,97,502,1,526,405,202],
underscore => [95,0,500,0,125,50,958],
quoteleft => [96,191,139,-50,720,228,185],
a => [97,71,615,-66,242,502,389],
b => [98,88,533,-21,242,725,166],
c => [99,65,457,-42,242,502,389],
d => [100,65,630,-55,242,725,166],
e => [101,65,510,-35,242,502,389],
f => [102,-160,717,-217,32,943,158],
g => [103,4,577,-21,29,715,389],
h => [104,88,601,-69,242,725,166],
i => [105,88,263,-71,242,671,220],
j => [106,-200,508,-28,29,884,220],
k => [107,88,569,-57,242,725,166],
l => [108,100,242,-62,242,725,166],
m => [109,88,864,-72,242,502,389],
n => [110,88,585,-53,242,502,389],
o => [111,65,507,-32,242,502,389],
p => [112,-24,645,-21,38,706,389],
q => [113,65,519,-24,38,706,389],
r => [114,88,393,-81,250,494,389],
s => [115,65,482,-7,242,502,389],
t => [116,88,323,-71,242,672,219],
u => [117,88,598,-66,242,492,399],
v => [118,88,474,-22,242,502,389],
w => [119,88,805,-13,242,502,389],
x => [120,9,617,-86,242,502,389],
y => [121,60,549,-9,29,705,399],
z => [122,38,523,-41,242,502,389],
braceleft => [123,122,320,-82,59,909,165],
bar => [124,294,78,228,0,1000,133],
braceright => [125,13,320,47,58,909,166],
asciitilde => [126,91,504,5,457,179,497],
exclamdown => [161,73,228,19,37,707,389],
cent => [162,148,448,24,221,744,168],
sterling => [163,4,698,-82,233,715,185],
fraction => [164,-228,551,-303,250,681,202],
yen => [165,71,664,-115,250,681,202],
florin => [166,-26,718,-72,32,943,158],
section => [167,38,600,-18,72,876,185],
currency => [168,100,505,15,339,502,292],
quotesingle => [169,99,148,-47,723,225,185],
quotedblleft => [170,191,302,-53,720,228,185],
guillemotleft => [171,70,243,-13,379,305,449],
guilsinglleft => [172,75,133,-28,379,305,449],
guilsinglright => [173,70,133,-23,379,305,449],
fi => [174,-159,868,-69,28,947,158],
fl => [175,-159,872,-53,32,943,158],
endash => [177,33,528,-61,519,56,558],
dagger => [178,192,378,50,120,828,185],
daggerdbl => [179,144,422,54,128,820,185],
periodcentered => [180,137,135,28,479,135,519],
paragraph => [182,112,606,-98,250,681,202],
bullet => [183,100,344,16,420,341,372],
quotesinglbase => [184,87,139,94,136,227,770],
quotedblbase => [185,87,303,90,136,227,770],
quotedblright => [186,148,303,-11,720,228,185],
guillemotright => [187,60,243,-3,379,305,449],
ellipsis => [188,99,801,100,242,135,756],
perthousand => [189,56,1143,-19,242,699,192],
questiondown => [191,18,490,32,38,706,389],
grave => [193,182,195,-37,801,155,177],
acute => [194,208,195,-83,801,155,177],
circumflex => [195,176,303,-39,821,114,198],
tilde => [196,180,308,-48,836,85,212],
macron => [197,178,306,-44,849,59,225],
breve => [198,191,309,-60,827,103,203],
dotaccent => [199,189,121,-50,822,121,190],
dieresis => [200,185,282,-47,792,119,222],
ring => [202,178,156,-34,801,155,177],
cedilla => [203,45,195,80,72,178,883],
hungarumlaut => [205,188,332,-180,797,147,189],
ogonek => [206,71,211,-22,97,153,883],
caron => [207,218,303,-81,821,113,199],
emdash => [208,33,1028,-61,519,56,558],
AE => [225,-45,1314,-49,250,681,202],
ordfeminine => [227,130,383,-73,646,302,185],
Lslash => [232,21,635,-76,250,681,202],
Oslash => [233,88,711,-39,155,872,106],
OE => [234,88,1149,-57,233,715,185],
ordmasculine => [235,139,316,-55,646,302,185],
ae => [241,71,847,-38,242,502,389],
dotlessi => [245,88,263,-71,242,492,399],
lslash => [248,33,340,-33,242,725,166],
oslash => [249,65,506,-31,201,581,351],
oe => [250,65,883,-48,242,502,389],
germandbls => [251,-121,774,-33,139,809,185],
Idieresis => [-1,21,426,-127,250,865,18],
eacute => [-1,65,510,-35,242,714,177],
abreve => [-1,71,615,-66,242,688,203],
uhungarumlaut => [-1,88,598,-66,242,702,189],
ecaron => [-1,65,510,-35,242,692,199],
Ydieresis => [-1,87,722,-149,250,865,18],
divide => [-1,91,504,5,296,502,335],
Yacute => [-1,87,722,-149,250,883,0],
Acircumflex => [-1,-25,745,-20,250,862,21],
aacute => [-1,71,615,-66,242,714,177],
Ucircumflex => [-1,118,724,-122,233,879,21],
yacute => [-1,60,549,-9,29,927,177],
scommaaccent => [-1,65,482,-7,0,744,389],
ecircumflex => [-1,65,510,-35,242,693,198],
Uring => [-1,118,724,-122,233,900,0],
Udieresis => [-1,118,724,-122,233,882,18],
aogonek => [-1,71,615,-66,97,647,389],
Uacute => [-1,118,724,-122,233,900,0],
uogonek => [-1,88,598,-66,97,637,399],
Edieresis => [-1,21,715,-56,250,865,18],
Dcroat => [-1,21,761,-42,250,681,202],
commaaccent => [-1,92,125,33,0,200,933],
copyright => [-1,84,700,-44,233,715,185],
Emacron => [-1,21,715,-56,250,835,48],
ccaron => [-1,65,496,-81,242,692,199],
aring => [-1,71,615,-66,242,714,177],
Ncommaaccent => [-1,18,805,-103,0,931,202],
lacute => [-1,100,283,-103,242,891,0],
agrave => [-1,71,615,-66,242,714,177],
Tcommaaccent => [-1,50,675,-125,0,931,202],
Cacute => [-1,88,658,-26,233,900,0],
atilde => [-1,71,615,-66,242,679,212],
Edotaccent => [-1,21,715,-56,250,883,0],
scaron => [-1,65,486,-11,242,692,199],
scedilla => [-1,65,482,-7,72,672,389],
iacute => [-1,88,275,-83,242,714,177],
lozenge => [-1,10,452,9,250,728,155],
Rcaron => [-1,21,715,-36,250,861,22],
Gcommaaccent => [-1,88,725,-53,0,948,185],
ucircumflex => [-1,88,598,-66,242,693,198],
acircumflex => [-1,71,615,-66,242,693,198],
Amacron => [-1,-25,745,-20,250,835,48],
rcaron => [-1,88,393,-81,250,684,199],
ccedilla => [-1,65,457,-42,72,672,389],
Zdotaccent => [-1,8,687,-115,250,883,0],
Thorn => [-1,21,635,-56,250,681,202],
Omacron => [-1,88,711,-39,233,852,48],
Racute => [-1,21,715,-36,250,883,0],
Sacute => [-1,61,607,-28,233,900,0],
dcaron => [-1,65,741,-96,242,731,160],
Umacron => [-1,118,724,-122,233,852,48],
uring => [-1,88,598,-66,242,714,177],
threesuperior => [-1,70,369,-67,519,429,185],
Ograve => [-1,88,711,-39,233,900,0],
Agrave => [-1,-25,745,-20,250,883,0],
Abreve => [-1,-25,745,-20,250,857,26],
multiply => [-1,91,504,5,294,504,335],
uacute => [-1,88,598,-66,242,714,177],
Tcaron => [-1,50,675,-125,250,861,22],
partialdiff => [-1,17,442,17,212,748,173],
ydieresis => [-1,60,549,-9,29,909,195],
Nacute => [-1,18,805,-103,250,883,0],
icircumflex => [-1,76,303,-99,242,693,198],
Ecircumflex => [-1,21,715,-56,250,862,21],
adieresis => [-1,71,615,-66,242,696,195],
edieresis => [-1,65,510,-35,242,696,195],
cacute => [-1,65,457,-42,242,714,177],
nacute => [-1,88,585,-53,242,714,177],
umacron => [-1,88,598,-66,242,666,225],
Ncaron => [-1,18,805,-103,250,861,22],
Iacute => [-1,21,412,-113,250,883,0],
plusminus => [-1,91,504,5,250,548,335],
brokenbar => [-1,294,78,228,75,850,208],
registered => [-1,84,700,-44,233,715,185],
Gbreve => [-1,88,725,-53,233,874,26],
Idotaccent => [-1,21,391,-92,250,883,0],
summation => [-1,15,571,14,240,716,177],
Egrave => [-1,21,715,-56,250,883,0],
racute => [-1,88,393,-81,250,706,177],
omacron => [-1,65,507,-32,242,666,225],
Zacute => [-1,8,687,-115,250,883,0],
Zcaron => [-1,8,687,-115,250,861,22],
greaterequal => [-1,26,497,26,250,666,217],
Eth => [-1,21,761,-42,250,681,202],
Ccedilla => [-1,88,658,-26,72,876,185],
lcommaaccent => [-1,100,242,-62,0,967,166],
tcaron => [-1,88,388,-106,242,745,146],
eogonek => [-1,65,510,-35,90,654,389],
Uogonek => [-1,118,724,-122,82,849,202],
Aacute => [-1,-25,745,-20,250,883,0],
Adieresis => [-1,-25,745,-20,250,865,18],
egrave => [-1,65,510,-35,242,714,177],
zacute => [-1,38,523,-41,242,714,177],
iogonek => [-1,88,263,-71,93,820,220],
Oacute => [-1,88,711,-39,233,900,0],
oacute => [-1,65,507,-32,242,714,177],
amacron => [-1,71,615,-66,242,666,225],
sacute => [-1,65,482,-7,242,714,177],
idieresis => [-1,88,289,-97,242,696,195],
Ocircumflex => [-1,88,711,-39,233,879,21],
Ugrave => [-1,118,724,-122,233,900,0],
Delta => [-1,6,602,6,250,688,195],
thorn => [-1,-24,645,-21,38,929,166],
twosuperior => [-1,68,371,-67,529,419,185],
Odieresis => [-1,88,711,-39,233,882,18],
mu => [-1,53,633,-66,29,705,399],
igrave => [-1,88,263,-71,242,714,177],
ohungarumlaut => [-1,65,525,-50,242,702,189],
Eogonek => [-1,21,715,-56,97,834,202],
dcroat => [-1,65,660,-85,242,725,166],
threequarters => [-1,99,814,17,250,691,192],
Scedilla => [-1,61,607,-28,72,876,185],
lcaron => [-1,100,346,-96,242,730,161],
Kcommaaccent => [-1,21,783,-84,0,931,202],
Lacute => [-1,21,635,-76,250,883,0],
trademark => [-1,69,896,15,527,404,202],
edotaccent => [-1,65,510,-35,242,728,163],
Igrave => [-1,21,391,-92,250,883,0],
Imacron => [-1,21,433,-134,250,835,48],
Lcaron => [-1,21,635,-76,250,698,185],
onehalf => [-1,91,834,5,250,681,202],
lessequal => [-1,26,497,26,250,666,217],
ocircumflex => [-1,65,507,-32,242,693,198],
ntilde => [-1,88,585,-53,242,679,212],
Uhungarumlaut => [-1,118,724,-122,233,888,12],
Eacute => [-1,21,715,-56,250,883,0],
emacron => [-1,65,529,-54,242,666,225],
gbreve => [-1,4,577,-21,29,901,203],
onequarter => [-1,91,822,17,250,681,202],
Scaron => [-1,61,607,-28,233,878,22],
Scommaaccent => [-1,61,607,-28,0,948,185],
Ohungarumlaut => [-1,88,711,-39,233,888,12],
degree => [-1,120,300,-20,648,300,185],
ograve => [-1,65,507,-32,242,714,177],
Ccaron => [-1,88,658,-26,233,878,22],
ugrave => [-1,88,598,-66,242,714,177],
radical => [-1,-4,462,-5,170,842,121],
Dcaron => [-1,21,761,-42,250,861,22],
rcommaaccent => [-1,67,414,-81,0,744,389],
Ntilde => [-1,18,805,-103,250,848,35],
otilde => [-1,65,507,-32,242,679,212],
Rcommaaccent => [-1,21,715,-36,0,931,202],
Lcommaaccent => [-1,21,635,-76,0,931,202],
Atilde => [-1,-25,745,-20,250,848,35],
Aogonek => [-1,-25,773,-48,97,834,202],
Aring => [-1,-25,745,-20,250,883,0],
Otilde => [-1,88,711,-39,233,865,35],
zdotaccent => [-1,38,523,-41,242,728,163],
Ecaron => [-1,21,715,-56,250,861,22],
Iogonek => [-1,21,391,-92,97,834,202],
kcommaaccent => [-1,88,569,-57,0,967,166],
minus => [-1,91,504,5,509,76,548],
Icircumflex => [-1,21,428,-129,250,862,21],
ncaron => [-1,88,585,-53,242,692,199],
tcommaaccent => [-1,88,323,-71,0,914,219],
logicalnot => [-1,91,504,5,413,270,450],
odieresis => [-1,65,507,-32,242,696,195],
udieresis => [-1,88,598,-66,242,696,195],
notequal => [-1,12,525,12,219,578,336],
gcommaaccent => [-1,4,577,-21,29,1003,101],
eth => [-1,65,577,-102,242,733,158],
zcaron => [-1,38,523,-41,242,692,199],
ncommaaccent => [-1,88,585,-53,0,744,389],
onesuperior => [-1,114,225,33,529,409,195],
imacron => [-1,88,316,-124,242,666,225],
Euro => [-1,61,624,-65,237,707,189],
Ccircumflex => [-1,88,658,-26,237,919,-23],
ccircumflex => [-1,65,457,-42,241,733,159],
Cdotaccent => [-1,88,658,-26,237,915,-19],
cdotaccent => [-1,65,457,-42,241,729,163],
Ebreve => [-1,21,715,-56,250,889,-6],
ebreve => [-1,65,510,-35,241,716,176],
Gcircumflex => [-1,88,725,-53,237,919,-23],
gcircumflex => [-1,4,577,-21,29,945,159],
Gdotaccent => [-1,88,725,-53,237,915,-19],
gdotaccent => [-1,4,577,-21,29,941,163],
Hcircumflex => [-1,21,867,-88,250,906,-23],
hcircumflex => [-1,88,601,-69,241,949,-57],
Hbar => [-1,21,867,-88,250,681,202],
hbar => [-1,88,601,-69,241,724,168],
Itilde => [-1,21,438,-139,250,864,19],
itilde => [-1,88,357,-165,241,691,201],
Ibreve => [-1,21,448,-149,250,889,-6],
ibreve => [-1,88,367,-175,241,716,176],
IJ => [-1,21,945,-90,237,694,202],
ij => [-1,88,520,-64,29,887,217],
Jcircumflex => [-1,-2,668,-106,237,919,-23],
jcircumflex => [-1,-200,579,-99,29,950,154],
kgreenlandic => [-1,75,569,-57,241,504,388],
Ldot => [-1,21,635,-76,250,681,202],
ldot => [-1,100,326,24,241,724,168],
napostrophe => [-1,88,585,-53,241,737,155],
Obreve => [-1,88,711,-39,237,902,-6],
obreve => [-1,65,507,-32,241,716,176],
Scircumflex => [-1,61,607,-28,237,919,-23],
scircumflex => [-1,65,482,-7,241,733,159],
Tbar => [-1,50,675,-125,250,681,202],
tbar => [-1,68,343,-71,241,674,218],
Tcedilla => [-1,50,675,-125,0,931,202],
tcedilla => [-1,88,323,-71,0,914,219],
Utilde => [-1,118,724,-122,237,877,19],
utilde => [-1,88,598,-66,241,691,201],
Ubreve => [-1,118,724,-122,237,902,-6],
ubreve => [-1,88,598,-66,241,716,176],
Wcircumflex => [-1,87,1008,-135,250,906,-23],
wcircumflex => [-1,88,805,-13,241,733,159],
Ycircumflex => [-1,87,722,-149,250,906,-23],
ycircumflex => [-1,60,549,-9,29,945,159],
longs => [-1,-160,717,-217,44,934,155],
infinity => [-1,9,664,15,314,456,363],
'.notdef' => [-1,0,0,300,250,0,883]}});
