('Bookman-Demi' => {
  name            => 'Bookman-Demi',
  family          => 'ITC Bookman',
  height          => 1184,
  weight          => fw::Medium,
  style           => fs::Normal,
  pitch           => fp::Variable,
  vector          => 1,
  ascent          => 934,
  descent         => 250,
  maximalWidth    => 1184,
  width           => 1184,
  internalLeading => 184,
  externalLeading => 61,
  firstChar       => 32,
  lastChar        => 251,
  breakChar       => 32,
  defaultChar     => 32,
  xDeviceRes      => 72.27,
  yDeviceRes      => 72.27,
  size            => 1000,
  encoding        => 'Latin1',
  chardata        => {
space => [32,0,0,340,250,0,934],
exclam => [33,82,200,78,242,706,236],
quotedbl => [34,11,358,51,629,319,236],
numbersign => [35,84,492,84,250,681,253],
dollar => [36,48,572,40,131,924,129],
percent => [37,12,912,16,242,706,236],
ampersand => [38,21,751,28,233,715,236],
quoteright => [39,82,160,78,690,258,236],
parenleft => [40,48,241,31,100,899,185],
parenright => [41,20,242,58,100,899,185],
asterisk => [42,62,343,55,567,380,237],
plus => [43,51,504,45,259,505,420],
comma => [44,78,179,83,126,286,772],
hyphen => [45,20,320,20,460,108,616],
period => [46,76,182,82,242,180,762],
slash => [47,50,505,45,101,874,209],
zero => [48,30,609,21,233,715,236],
one => [49,137,431,92,250,681,253],
two => [50,41,587,32,250,698,236],
three => [51,37,594,29,233,715,236],
four => [52,19,630,11,250,681,253],
five => [53,44,579,37,233,740,211],
six => [54,34,600,26,233,715,236],
seven => [55,36,596,28,250,681,253],
eight => [56,36,597,27,233,715,236],
nine => [57,33,603,24,233,715,236],
colon => [58,76,182,82,242,523,419],
semicolon => [59,75,184,81,126,639,419],
less => [60,49,509,42,241,551,392],
equal => [61,51,504,45,359,312,513],
greater => [62,48,509,43,241,551,392],
question => [63,61,547,52,242,706,236],
at => [64,60,698,62,233,715,236],
A => [65,-34,797,-43,250,681,253],
B => [66,20,673,27,250,681,253],
C => [67,35,689,16,233,715,236],
D => [68,20,728,32,250,681,253],
E => [69,20,704,-4,250,681,253],
F => [70,20,666,-6,250,681,253],
G => [71,35,738,7,233,715,236],
H => [72,20,780,20,250,681,253],
I => [73,20,359,21,250,681,253],
J => [74,-12,634,18,233,698,253],
K => [75,20,776,4,250,681,253],
L => [76,20,648,-28,250,681,253],
M => [77,20,904,16,250,681,253],
N => [78,20,704,16,250,681,253],
O => [79,35,734,31,233,715,236],
P => [80,20,638,2,250,681,253],
Q => [81,35,740,25,24,924,236],
R => [82,20,763,-3,250,681,253],
S => [83,21,618,21,233,715,236],
T => [84,-4,707,-3,250,681,253],
U => [85,15,709,16,233,698,253],
V => [86,-20,750,-10,250,681,253],
W => [87,-20,983,-23,250,681,253],
X => [88,1,769,10,250,681,253],
Y => [89,-20,738,-18,250,681,253],
Z => [90,6,629,5,250,681,253],
bracketleft => [91,75,210,15,112,863,209],
backslash => [92,50,505,45,250,725,209],
bracketright => [93,21,210,69,112,863,209],
asciicircum => [94,52,502,46,531,400,253],
underscore => [95,0,500,0,125,50,1009],
quoteleft => [96,82,160,78,690,258,236],
a => [97,28,560,-8,242,523,419],
b => [98,-20,588,32,242,733,209],
c => [99,31,519,30,242,523,419],
d => [100,31,591,18,242,733,209],
e => [101,31,517,32,242,523,419],
f => [102,22,439,-81,250,741,193],
g => [103,9,574,-3,7,838,339],
h => [104,22,632,26,250,725,209],
i => [105,22,313,25,250,729,205],
j => [106,-94,372,62,29,950,205],
k => [107,22,621,17,250,725,209],
l => [108,9,313,18,250,725,209],
m => [109,22,958,20,250,515,419],
n => [110,22,630,28,250,515,419],
o => [111,31,554,35,242,523,419],
p => [112,22,589,29,38,727,419],
q => [113,31,602,-13,38,727,419],
r => [114,22,440,-2,250,502,432],
s => [115,22,470,28,242,523,419],
t => [116,22,423,15,242,668,274],
u => [117,22,631,7,242,510,432],
v => [118,-6,599,7,250,502,432],
w => [119,-6,816,-10,250,502,432],
x => [120,8,583,9,250,502,432],
y => [121,6,607,7,29,723,432],
z => [122,22,525,13,250,502,432],
braceleft => [123,14,287,19,111,865,208],
bar => [124,243,119,238,0,1000,184],
braceright => [125,15,287,18,110,865,209],
asciitilde => [126,51,504,45,412,206,566],
exclamdown => [161,84,200,76,59,706,419],
cent => [162,133,402,125,267,657,260],
sterling => [163,10,649,1,233,715,236],
fraction => [164,-194,506,-192,250,681,253],
yen => [165,-28,724,-36,250,681,253],
florin => [166,-46,720,-14,41,958,185],
section => [167,36,524,40,97,851,236],
currency => [168,77,507,76,338,505,341],
quotesingle => [169,42,136,62,629,319,236],
quotedblleft => [170,82,367,91,689,259,236],
guillemotleft => [171,34,326,40,351,356,477],
guilsinglleft => [172,34,154,32,351,356,477],
guilsinglright => [173,34,154,32,351,356,477],
fi => [174,22,688,30,250,741,193],
fl => [175,22,688,30,250,741,193],
endash => [177,-25,550,-25,462,106,616],
dagger => [178,33,365,42,94,854,236],
daggerdbl => [179,8,372,0,94,854,236],
periodcentered => [180,76,182,82,425,180,579],
paragraph => [182,51,647,102,250,681,253],
bullet => [183,60,344,56,420,341,423],
quotesinglbase => [184,82,160,78,136,258,790],
quotedblbase => [185,82,368,90,136,258,790],
quotedblright => [186,82,367,91,690,258,236],
guillemotright => [187,34,326,40,351,356,477],
ellipsis => [188,76,848,76,242,180,762],
perthousand => [189,12,1334,14,242,706,236],
questiondown => [191,62,547,51,59,706,419],
grave => [193,68,259,73,797,183,204],
acute => [194,98,259,43,797,184,203],
circumflex => [195,68,362,70,805,176,203],
tilde => [196,69,352,59,806,135,243],
macron => [197,68,315,77,827,86,271],
breve => [198,68,361,71,803,169,212],
dotaccent => [199,68,191,61,785,194,205],
dieresis => [200,68,373,59,785,138,261],
ring => [202,68,207,65,802,203,179],
cedilla => [203,68,216,76,37,213,934],
hungarumlaut => [205,68,297,75,804,187,193],
ogonek => [206,82,232,6,51,199,934],
caron => [207,68,362,70,791,176,217],
emdash => [208,-25,1050,-25,462,106,616],
AE => [225,-34,1183,-9,250,681,253],
ordfeminine => [227,27,369,4,633,315,236],
Lslash => [232,20,648,-28,250,681,253],
Oslash => [233,35,736,29,140,891,153],
OE => [234,35,1184,1,233,715,236],
ordmasculine => [235,17,366,17,633,315,236],
ae => [241,28,824,28,242,523,419],
dotlessi => [245,22,313,25,250,502,432],
lslash => [248,9,313,18,250,725,209],
oslash => [249,31,555,34,210,591,383],
oe => [250,31,877,32,242,523,419],
germandbls => [251,-61,705,16,159,790,235],
Idieresis => [-1,18,373,9,250,877,57],
eacute => [-1,31,517,32,242,739,203],
abreve => [-1,28,560,-8,242,730,212],
uhungarumlaut => [-1,22,631,7,242,749,193],
ecaron => [-1,31,517,32,242,725,217],
Ydieresis => [-1,-20,738,-18,250,877,57],
divide => [-1,51,504,45,259,512,413],
Yacute => [-1,-20,738,-18,250,910,24],
Acircumflex => [-1,-34,797,-43,250,910,24],
aacute => [-1,28,560,-8,242,739,203],
Ucircumflex => [-1,15,709,16,233,927,24],
yacute => [-1,6,607,7,29,952,203],
scommaaccent => [-1,22,470,28,1,764,419],
ecircumflex => [-1,31,517,32,242,739,203],
Uring => [-1,15,709,16,233,951,0],
Udieresis => [-1,15,709,16,233,894,57],
aogonek => [-1,28,566,-14,44,721,419],
Uacute => [-1,15,709,16,233,927,24],
uogonek => [-1,22,641,-3,51,701,432],
Edieresis => [-1,20,704,-4,250,877,57],
Dcroat => [-1,20,728,32,250,681,253],
commaaccent => [-1,53,144,53,1,209,974],
copyright => [-1,23,700,17,233,715,236],
Emacron => [-1,20,704,-4,250,842,92],
ccaron => [-1,31,519,30,242,725,217],
aring => [-1,28,560,-8,242,763,179],
Ncommaaccent => [-1,20,704,16,1,930,253],
lacute => [-1,9,358,-27,250,930,4],
agrave => [-1,28,560,-8,242,738,204],
Tcommaaccent => [-1,-4,707,-3,1,930,253],
Cacute => [-1,35,689,16,233,927,24],
atilde => [-1,28,560,-8,242,699,243],
Edotaccent => [-1,20,704,-4,250,933,1],
scaron => [-1,22,470,28,242,725,217],
scedilla => [-1,22,470,28,37,728,419],
iacute => [-1,22,315,23,250,731,203],
lozenge => [-1,10,474,10,250,745,189],
Rcaron => [-1,20,763,-3,250,896,38],
Gcommaaccent => [-1,35,738,7,1,947,236],
ucircumflex => [-1,22,631,7,242,739,203],
acircumflex => [-1,28,560,-8,242,739,203],
Amacron => [-1,-34,797,-43,250,842,92],
rcaron => [-1,22,440,-2,250,717,217],
ccedilla => [-1,31,519,30,37,728,419],
Zdotaccent => [-1,6,629,5,250,933,1],
Thorn => [-1,20,638,2,250,681,253],
Omacron => [-1,35,734,31,233,859,92],
Racute => [-1,20,763,-3,250,910,24],
Sacute => [-1,21,618,21,233,927,24],
dcaron => [-1,31,695,11,242,739,203],
Umacron => [-1,15,709,16,233,859,92],
uring => [-1,22,631,7,242,763,179],
threesuperior => [-1,5,386,5,519,429,236],
Ograve => [-1,35,734,31,233,926,25],
Agrave => [-1,-34,797,-43,250,909,25],
Abreve => [-1,-34,797,-43,250,901,33],
multiply => [-1,48,504,48,260,504,420],
uacute => [-1,22,631,7,242,739,203],
Tcaron => [-1,-4,707,-3,250,896,38],
partialdiff => [-1,11,483,0,229,771,184],
ydieresis => [-1,6,607,7,29,919,236],
Nacute => [-1,20,704,16,250,910,24],
icircumflex => [-1,-2,362,0,250,731,203],
Ecircumflex => [-1,20,704,-4,250,910,24],
adieresis => [-1,28,560,-8,242,706,236],
edieresis => [-1,31,517,32,242,706,236],
cacute => [-1,31,519,30,242,739,203],
nacute => [-1,22,630,28,250,731,203],
umacron => [-1,22,631,7,242,671,271],
Ncaron => [-1,20,704,16,250,896,38],
Iacute => [-1,20,359,21,250,910,24],
plusminus => [-1,51,504,45,250,514,420],
brokenbar => [-1,243,119,238,75,850,259],
registered => [-1,23,700,17,233,715,236],
Gbreve => [-1,35,738,7,233,918,33],
Idotaccent => [-1,20,359,21,250,933,1],
summation => [-1,14,571,15,240,716,228],
Egrave => [-1,20,704,-4,250,909,25],
racute => [-1,22,440,-2,250,731,203],
omacron => [-1,31,554,35,242,671,271],
Zacute => [-1,6,629,5,250,910,24],
Zcaron => [-1,6,629,5,250,896,38],
greaterequal => [-1,26,497,26,250,704,230],
Eth => [-1,20,728,32,250,681,253],
Ccedilla => [-1,35,689,16,37,911,236],
lcommaaccent => [-1,9,313,18,1,974,209],
tcaron => [-1,22,423,15,242,802,140],
eogonek => [-1,31,517,32,46,719,419],
Uogonek => [-1,15,709,16,51,880,253],
Aacute => [-1,-34,797,-43,250,910,24],
Adieresis => [-1,-34,797,-43,250,877,57],
egrave => [-1,31,517,32,242,738,204],
zacute => [-1,22,525,13,250,731,203],
iogonek => [-1,22,313,25,51,928,205],
Oacute => [-1,35,734,31,233,927,24],
oacute => [-1,31,554,35,242,739,203],
amacron => [-1,28,560,-8,242,671,271],
sacute => [-1,22,470,28,242,739,203],
idieresis => [-1,-2,373,-11,250,698,236],
Ocircumflex => [-1,35,734,31,233,927,24],
Ugrave => [-1,15,709,16,233,926,25],
Delta => [-1,6,602,4,250,688,246],
thorn => [-1,22,589,29,38,937,209],
twosuperior => [-1,14,382,0,529,419,236],
Odieresis => [-1,35,734,31,233,894,57],
mu => [-1,22,631,7,29,723,432],
igrave => [-1,18,317,25,250,730,204],
ohungarumlaut => [-1,31,554,35,242,749,193],
Eogonek => [-1,20,704,-4,46,885,253],
dcroat => [-1,31,591,18,242,733,209],
threequarters => [-1,15,952,23,250,692,242],
Scedilla => [-1,21,618,21,37,911,236],
lcaron => [-1,9,425,16,250,731,203],
Kcommaaccent => [-1,20,776,4,1,930,253],
Lacute => [-1,20,648,-28,250,910,24],
trademark => [-1,42,940,-2,527,404,253],
edotaccent => [-1,31,517,32,242,762,180],
Igrave => [-1,20,359,21,250,909,25],
Imacron => [-1,20,359,21,250,842,92],
Lcaron => [-1,20,648,-28,250,698,236],
onehalf => [-1,65,915,10,250,681,253],
lessequal => [-1,29,497,23,250,704,230],
ocircumflex => [-1,31,554,35,242,739,203],
ntilde => [-1,22,630,28,250,691,243],
Uhungarumlaut => [-1,15,709,16,233,937,14],
Eacute => [-1,20,704,-4,250,910,24],
emacron => [-1,31,517,32,242,671,271],
gbreve => [-1,9,574,-3,7,965,212],
onequarter => [-1,65,902,23,250,681,253],
Scaron => [-1,21,618,21,233,913,38],
Scommaaccent => [-1,21,618,21,1,947,236],
Ohungarumlaut => [-1,35,734,31,233,937,14],
degree => [-1,50,300,50,648,300,236],
ograve => [-1,31,554,35,242,738,204],
Ccaron => [-1,35,689,16,233,913,38],
ugrave => [-1,22,631,7,242,738,204],
radical => [-1,10,502,37,204,896,84],
Dcaron => [-1,20,728,32,250,896,38],
rcommaaccent => [-1,22,440,-2,1,751,432],
Ntilde => [-1,20,704,16,250,870,64],
otilde => [-1,31,554,35,242,699,243],
Rcommaaccent => [-1,20,763,-3,1,930,253],
Lcommaaccent => [-1,20,648,-28,1,930,253],
Atilde => [-1,-34,797,-43,250,870,64],
Aogonek => [-1,-34,797,-43,51,880,253],
Aring => [-1,-34,797,-43,250,934,0],
Otilde => [-1,35,734,31,233,887,64],
zdotaccent => [-1,22,525,13,250,754,180],
Ecaron => [-1,20,704,-4,250,896,38],
Iogonek => [-1,20,359,21,46,885,253],
kcommaaccent => [-1,22,621,17,1,974,209],
minus => [-1,51,504,45,457,116,611],
Icircumflex => [-1,18,362,20,250,910,24],
ncaron => [-1,22,630,28,250,717,217],
tcommaaccent => [-1,22,423,15,1,909,274],
logicalnot => [-1,51,504,45,379,292,513],
odieresis => [-1,31,554,35,242,706,236],
udieresis => [-1,22,631,7,242,706,236],
notequal => [-1,15,525,9,201,619,364],
gcommaaccent => [-1,9,574,-3,7,1028,149],
eth => [-1,31,554,35,242,749,193],
zcaron => [-1,22,525,13,250,717,217],
ncommaaccent => [-1,22,630,28,1,764,419],
onesuperior => [-1,65,280,51,529,408,247],
imacron => [-1,18,317,25,250,663,271],
Euro => [-1,9,627,24,237,707,240],
Ccircumflex => [-1,35,689,16,237,970,-23],
ccircumflex => [-1,31,519,30,241,787,156],
Cdotaccent => [-1,35,689,16,237,985,-38],
cdotaccent => [-1,31,519,30,241,802,141],
Ebreve => [-1,20,704,-4,250,950,-16],
ebreve => [-1,31,517,32,241,780,163],
Gcircumflex => [-1,35,738,7,237,970,-23],
gcircumflex => [-1,9,574,-3,2,1117,65],
Gdotaccent => [-1,35,738,7,237,985,-38],
gdotaccent => [-1,9,574,-3,2,1132,50],
Hcircumflex => [-1,20,780,20,250,957,-23],
hcircumflex => [-1,22,632,26,250,1000,-66],
Hbar => [-1,19,780,21,250,681,253],
hbar => [-1,22,632,26,250,724,210],
Itilde => [-1,20,359,21,250,916,18],
itilde => [-1,2,352,6,250,737,197],
Ibreve => [-1,19,361,20,250,950,-16],
ibreve => [-1,-2,361,1,250,771,163],
IJ => [-1,20,1015,24,237,694,253],
ij => [-1,22,536,92,24,957,203],
Jcircumflex => [-1,-12,634,18,237,970,-23],
jcircumflex => [-1,-94,443,-9,24,1014,146],
kgreenlandic => [-1,20,660,-15,238,526,420],
Ldot => [-1,20,648,-28,250,681,253],
ldot => [-1,9,512,159,250,724,210],
napostrophe => [-1,22,630,28,250,778,156],
Obreve => [-1,35,734,31,237,963,-16],
obreve => [-1,31,554,35,241,780,163],
Scircumflex => [-1,21,618,21,237,970,-23],
scircumflex => [-1,22,470,28,241,787,156],
Tbar => [-1,-3,707,-4,250,681,253],
tbar => [-1,22,423,15,241,670,273],
Tcedilla => [-1,-4,707,-3,1,930,253],
tcedilla => [-1,22,423,15,1,909,274],
Utilde => [-1,15,709,16,237,929,18],
utilde => [-1,22,631,7,237,750,197],
Ubreve => [-1,15,709,16,237,963,-16],
ubreve => [-1,22,631,7,237,784,163],
Wcircumflex => [-1,-20,983,-23,250,957,-23],
wcircumflex => [-1,-6,816,-10,250,778,156],
Ycircumflex => [-1,-20,738,-18,250,957,-23],
ycircumflex => [-1,6,607,7,29,999,156],
longs => [-1,22,439,-81,250,736,198],
infinity => [-1,12,666,20,291,530,363],
'.notdef' => [-1,0,0,340,250,0,934]}});
