('Bookman-DemiItalic' => {
  name            => 'Bookman-DemiItalic',
  family          => 'ITC Bookman',
  height          => 1191,
  weight          => fw::Medium,
  style           => fs::Italic,
  pitch           => fp::Variable,
  vector          => 1,
  ascent          => 941,
  descent         => 250,
  maximalWidth    => 1191,
  width           => 1191,
  internalLeading => 191,
  externalLeading => 63,
  firstChar       => 32,
  lastChar        => 251,
  breakChar       => 32,
  defaultChar     => 32,
  xDeviceRes      => 72.27,
  yDeviceRes      => 72.27,
  size            => 1000,
  encoding        => 'Latin1',
  chardata        => {
space => [32,0,0,340,250,0,941],
exclam => [33,86,280,-46,242,706,243],
quotedbl => [34,140,367,-127,621,326,244],
numbersign => [35,157,492,31,250,681,260],
dollar => [36,45,652,-17,86,954,151],
percent => [37,106,793,-19,233,715,243],
ampersand => [38,48,968,-36,233,715,243],
quoteright => [39,171,178,-29,670,278,243],
parenleft => [40,31,357,-128,116,875,200],
parenright => [41,-35,357,-62,116,875,200],
asterisk => [42,126,382,-48,596,352,243],
plus => [43,91,504,5,259,505,427],
comma => [44,100,198,42,126,309,756],
hyphen => [45,59,260,-39,468,95,628],
period => [46,106,190,44,242,185,764],
slash => [47,9,493,-142,144,848,199],
zero => [48,87,616,-23,233,715,243],
one => [49,123,442,115,250,681,260],
two => [50,67,607,6,250,698,243],
three => [51,72,611,-3,233,715,243],
four => [52,63,645,-28,250,681,260],
five => [53,78,591,11,233,698,260],
six => [54,88,616,-24,233,715,243],
seven => [55,123,616,-59,250,681,260],
eight => [56,68,618,-6,233,715,243],
nine => [57,71,641,-32,233,715,243],
colon => [58,106,250,-16,242,523,426],
semicolon => [59,100,252,-12,126,639,426],
less => [60,79,509,32,241,549,401],
equal => [61,91,504,5,359,312,520],
greater => [62,89,509,22,241,549,401],
question => [63,145,523,-48,242,706,243],
at => [64,80,710,-10,233,715,243],
A => [65,-27,796,-49,250,681,260],
B => [66,14,748,-42,250,681,260],
C => [67,78,676,-54,233,715,243],
D => [68,14,791,-45,250,681,260],
E => [69,14,763,-57,250,681,260],
F => [70,14,749,-103,250,681,260],
G => [71,77,751,-68,233,715,243],
H => [72,14,896,-110,250,681,260],
I => [73,14,471,-105,250,681,260],
J => [74,8,713,-101,233,698,260],
K => [75,14,865,-99,250,681,260],
L => [76,14,711,-85,250,681,260],
M => [77,14,956,-110,250,681,260],
N => [78,14,831,-105,250,681,260],
O => [79,78,728,-46,233,715,243],
P => [80,-6,730,-84,250,681,260],
Q => [81,37,768,-45,37,911,243],
R => [82,14,751,-25,250,681,260],
S => [83,59,672,-31,233,715,243],
T => [84,70,732,-102,250,681,260],
U => [85,112,743,-115,233,698,260],
V => [86,72,747,-159,250,681,260],
W => [87,72,1018,-90,250,681,260],
X => [88,-7,842,-95,250,681,260],
Y => [89,72,745,-157,250,681,260],
Z => [90,23,717,-60,250,681,260],
bracketleft => [91,9,365,-114,132,859,200],
backslash => [92,73,502,5,250,741,200],
bracketright => [93,-18,365,-87,132,859,200],
asciicircum => [94,92,502,26,531,400,260],
underscore => [95,0,500,0,125,50,1016],
quoteleft => [96,155,178,-13,670,278,243],
a => [97,84,651,-55,242,523,426],
b => [98,57,576,-33,242,740,209],
c => [99,58,539,-37,242,523,426],
d => [100,60,654,-34,242,740,209],
e => [101,59,537,-36,242,523,426],
f => [102,-192,833,-221,37,954,200],
g => [103,21,648,-49,37,728,426],
h => [104,93,643,-36,242,740,209],
i => [105,83,337,-40,242,763,186],
j => [106,-160,552,-72,37,968,186],
k => [107,97,635,-32,242,740,209],
l => [108,109,301,-30,242,740,209],
m => [109,83,913,-36,242,523,426],
n => [110,83,632,-35,242,523,426],
o => [111,59,568,-27,242,523,426],
p => [112,-24,706,-22,37,728,426],
q => [113,60,580,-20,37,728,426],
r => [114,84,498,-82,250,515,426],
s => [115,32,541,-33,242,523,426],
t => [116,106,382,-48,242,666,283],
u => [117,83,637,-40,242,515,434],
v => [118,56,516,-32,242,523,426],
w => [119,56,835,-31,242,523,426],
x => [120,10,644,-34,242,523,426],
y => [121,25,617,-42,37,720,434],
z => [122,36,550,-26,242,523,426],
braceleft => [123,49,364,-113,127,865,199],
bar => [124,303,119,198,0,1000,191],
braceright => [125,-8,364,-56,136,865,190],
asciitilde => [126,101,504,15,412,206,573],
exclamdown => [161,64,280,-24,59,706,426],
cent => [162,161,455,64,275,693,223],
sterling => [163,0,787,-107,233,715,243],
fraction => [164,-144,526,-262,250,681,260],
yen => [165,92,690,-102,250,681,260],
florin => [166,-28,771,-63,51,940,200],
section => [167,46,592,-18,113,835,243],
currency => [168,148,489,43,335,486,370],
quotesingle => [169,126,169,-115,620,326,245],
quotedblleft => [170,156,389,-25,670,278,243],
guillemotleft => [171,62,344,-26,334,419,438],
guilsinglleft => [172,62,187,-29,334,419,438],
guilsinglright => [173,62,187,-29,334,419,438],
fi => [174,-191,1041,-30,37,954,200],
fl => [175,-191,1041,-30,37,954,200],
endash => [177,40,533,-73,469,92,630],
dagger => [178,89,377,-46,113,835,243],
daggerdbl => [179,79,407,-66,113,835,243],
periodcentered => [180,126,190,24,423,185,583],
paragraph => [182,137,578,-35,250,681,260],
bullet => [183,60,344,-44,420,341,430],
quotesinglbase => [184,106,178,16,138,278,775],
quotedblbase => [185,106,389,25,138,278,775],
quotedblright => [186,171,389,-40,670,278,243],
guillemotright => [187,62,344,-26,334,419,438],
ellipsis => [188,86,856,58,242,185,764],
perthousand => [189,106,1227,27,233,715,243],
questiondown => [191,83,523,14,61,704,426],
grave => [193,193,231,-44,816,205,170],
acute => [194,176,231,-67,816,205,170],
circumflex => [195,183,340,-43,832,167,192],
tilde => [196,178,355,-53,837,122,232],
macron => [197,177,354,-51,853,88,250],
breve => [198,177,339,-56,827,130,234],
dotaccent => [199,167,198,15,813,192,186],
dieresis => [200,180,389,-49,813,164,214],
ring => [202,185,221,-46,808,217,166],
cedilla => [203,68,221,71,30,212,949],
hungarumlaut => [205,181,435,-56,810,215,166],
ogonek => [206,58,235,27,51,199,941],
caron => [207,183,340,-43,832,167,192],
emdash => [208,40,1033,-73,469,92,630],
AE => [225,-27,1234,-67,250,681,260],
ordfeminine => [227,118,377,-55,650,285,256],
Lslash => [232,14,710,-84,250,681,260],
Oslash => [233,21,826,-87,221,754,216],
OE => [234,94,1151,-65,233,715,243],
ordmasculine => [235,127,328,-15,650,285,256],
ae => [241,39,874,-33,242,523,426],
dotlessi => [245,83,337,-40,242,515,434],
lslash => [248,75,349,-44,242,740,209],
oslash => [249,17,644,-61,196,625,370],
oe => [250,48,913,-41,242,523,426],
germandbls => [251,-231,933,-42,37,954,200],
Idieresis => [-1,14,485,-119,250,900,41],
eacute => [-1,59,537,-36,242,779,170],
abreve => [-1,84,651,-55,242,715,234],
uhungarumlaut => [-1,83,637,-40,242,783,166],
ecaron => [-1,59,537,-36,242,757,192],
Ydieresis => [-1,72,745,-157,250,900,41],
divide => [-1,91,504,5,259,512,420],
Yacute => [-1,72,745,-157,250,937,4],
Acircumflex => [-1,-27,796,-49,250,915,26],
aacute => [-1,84,651,-55,242,779,170],
Ucircumflex => [-1,112,743,-115,233,932,26],
yacute => [-1,25,617,-42,37,984,170],
scommaaccent => [-1,32,541,-33,0,765,426],
ecircumflex => [-1,59,537,-36,242,757,192],
Uring => [-1,112,743,-115,233,958,0],
Udieresis => [-1,112,743,-115,233,917,41],
aogonek => [-1,84,651,-55,51,714,426],
Uacute => [-1,112,743,-115,233,954,4],
uogonek => [-1,83,637,-40,51,706,434],
Edieresis => [-1,14,763,-57,250,900,41],
Dcroat => [-1,14,791,-45,250,681,260],
commaaccent => [-1,55,144,51,0,200,991],
copyright => [-1,83,700,-3,233,715,243],
Emacron => [-1,14,763,-57,250,857,84],
ccaron => [-1,58,539,-37,242,757,192],
aring => [-1,84,651,-55,242,783,166],
Ncommaaccent => [-1,14,831,-105,0,931,260],
lacute => [-1,109,357,-86,242,948,1],
agrave => [-1,84,651,-55,242,779,170],
Tcommaaccent => [-1,70,732,-102,0,931,260],
Cacute => [-1,78,676,-54,233,954,4],
atilde => [-1,84,651,-55,242,717,232],
Edotaccent => [-1,14,763,-57,250,928,13],
scaron => [-1,32,541,-33,242,757,192],
scedilla => [-1,32,541,-33,30,735,426],
iacute => [-1,83,337,-40,242,779,170],
lozenge => [-1,10,474,10,250,745,196],
Rcaron => [-1,14,751,-25,250,915,26],
Gcommaaccent => [-1,77,751,-68,0,948,243],
ucircumflex => [-1,83,637,-40,242,757,192],
acircumflex => [-1,84,651,-55,242,757,192],
Amacron => [-1,-27,796,-49,250,857,84],
rcaron => [-1,84,498,-82,250,749,192],
ccedilla => [-1,58,539,-37,30,735,426],
Zdotaccent => [-1,23,717,-60,250,928,13],
Thorn => [-1,-6,707,-61,250,681,260],
Omacron => [-1,78,728,-46,233,874,84],
Racute => [-1,14,751,-25,250,937,4],
Sacute => [-1,59,672,-31,233,954,4],
dcaron => [-1,60,814,-119,242,746,203],
Umacron => [-1,112,743,-115,233,874,84],
uring => [-1,83,637,-40,242,783,166],
threesuperior => [-1,86,397,-75,519,429,243],
Ograve => [-1,78,728,-46,233,954,4],
Agrave => [-1,-27,796,-49,250,937,4],
Abreve => [-1,-27,796,-49,250,873,68],
multiply => [-1,91,504,5,260,504,427],
uacute => [-1,83,637,-40,242,779,170],
Tcaron => [-1,70,732,-102,250,915,26],
partialdiff => [-1,11,483,11,229,771,191],
ydieresis => [-1,25,617,-42,37,947,207],
Nacute => [-1,14,831,-105,250,937,4],
icircumflex => [-1,83,350,-53,242,757,192],
Ecircumflex => [-1,14,763,-57,250,915,26],
adieresis => [-1,84,651,-55,242,742,207],
edieresis => [-1,59,537,-36,242,742,207],
cacute => [-1,58,539,-37,242,779,170],
nacute => [-1,83,632,-35,242,779,170],
umacron => [-1,83,637,-40,242,699,250],
Ncaron => [-1,14,831,-105,250,915,26],
Iacute => [-1,14,473,-107,250,937,4],
plusminus => [-1,91,504,5,250,514,427],
brokenbar => [-1,303,119,198,75,850,266],
registered => [-1,83,700,-3,233,715,243],
Gbreve => [-1,77,751,-68,233,890,68],
Idotaccent => [-1,14,471,-105,250,928,13],
summation => [-1,14,571,14,240,716,235],
Egrave => [-1,14,763,-57,250,937,4],
racute => [-1,84,498,-82,250,771,170],
omacron => [-1,59,568,-27,242,699,250],
Zacute => [-1,23,717,-60,250,937,4],
Zcaron => [-1,23,717,-60,250,915,26],
greaterequal => [-1,26,497,26,250,704,237],
Eth => [-1,14,791,-45,250,681,260],
Ccedilla => [-1,78,676,-54,30,918,243],
lcommaaccent => [-1,109,301,-30,0,982,209],
tcaron => [-1,106,465,-121,242,806,143],
eogonek => [-1,59,537,-36,51,714,426],
Uogonek => [-1,112,743,-115,51,880,260],
Aacute => [-1,-27,796,-49,250,937,4],
Adieresis => [-1,-27,796,-49,250,900,41],
egrave => [-1,59,537,-36,242,779,170],
zacute => [-1,36,550,-26,242,779,170],
iogonek => [-1,83,337,-40,51,954,186],
Oacute => [-1,78,728,-46,233,954,4],
oacute => [-1,59,568,-27,242,779,170],
amacron => [-1,84,651,-55,242,699,250],
sacute => [-1,32,541,-33,242,779,170],
idieresis => [-1,83,396,-99,242,742,207],
Ocircumflex => [-1,78,728,-46,233,932,26],
Ugrave => [-1,112,743,-115,233,954,4],
Delta => [-1,6,602,6,250,688,253],
thorn => [-1,-24,706,-22,37,945,209],
twosuperior => [-1,91,394,-77,529,419,243],
Odieresis => [-1,78,728,-46,233,917,41],
mu => [-1,54,666,-40,37,720,434],
igrave => [-1,83,337,-40,242,779,170],
ohungarumlaut => [-1,59,577,-36,242,783,166],
Eogonek => [-1,14,763,-57,51,880,260],
dcroat => [-1,60,688,-68,242,740,209],
threequarters => [-1,86,968,-34,250,691,250],
Scedilla => [-1,59,672,-31,30,918,243],
lcaron => [-1,109,464,-110,242,746,203],
Kcommaaccent => [-1,14,865,-99,0,931,260],
Lacute => [-1,14,711,-85,250,937,4],
trademark => [-1,42,940,-42,527,404,260],
edotaccent => [-1,59,537,-36,242,770,179],
Igrave => [-1,14,471,-105,250,937,4],
Imacron => [-1,14,471,-105,250,857,84],
Lcaron => [-1,14,711,-85,250,698,243],
onehalf => [-1,118,918,-16,250,681,260],
lessequal => [-1,29,497,23,250,704,237],
ocircumflex => [-1,59,568,-27,242,757,192],
ntilde => [-1,83,632,-35,242,717,232],
Uhungarumlaut => [-1,112,743,-115,233,958,0],
Eacute => [-1,14,763,-57,250,937,4],
emacron => [-1,59,537,-36,242,699,250],
gbreve => [-1,21,648,-49,37,920,234],
onequarter => [-1,118,936,-34,250,681,260],
Scaron => [-1,59,672,-31,233,932,26],
Scommaaccent => [-1,59,672,-31,0,948,243],
Ohungarumlaut => [-1,78,728,-46,233,958,0],
degree => [-1,130,300,-30,648,300,243],
ograve => [-1,59,568,-27,242,779,170],
Ccaron => [-1,78,676,-54,233,932,26],
ugrave => [-1,83,637,-40,242,779,170],
radical => [-1,10,502,10,204,896,91],
Dcaron => [-1,14,791,-45,250,915,26],
rcommaaccent => [-1,80,502,-82,0,765,426],
Ntilde => [-1,14,831,-105,250,875,66],
otilde => [-1,59,568,-27,242,717,232],
Rcommaaccent => [-1,14,751,-25,0,931,260],
Lcommaaccent => [-1,14,711,-85,0,931,260],
Atilde => [-1,-27,796,-49,250,875,66],
Aogonek => [-1,-27,816,-69,51,880,260],
Aring => [-1,-27,796,-49,250,941,0],
Otilde => [-1,78,728,-46,233,892,66],
zdotaccent => [-1,36,550,-26,242,770,179],
Ecaron => [-1,14,763,-57,250,915,26],
Iogonek => [-1,14,471,-105,51,880,260],
kcommaaccent => [-1,97,635,-32,0,982,209],
minus => [-1,91,504,5,457,116,618],
Icircumflex => [-1,14,479,-113,250,915,26],
ncaron => [-1,83,632,-35,242,757,192],
tcommaaccent => [-1,106,382,-48,0,908,283],
logicalnot => [-1,81,504,35,379,292,520],
odieresis => [-1,59,568,-27,242,742,207],
udieresis => [-1,83,637,-40,242,742,207],
notequal => [-1,15,525,15,201,619,371],
gcommaaccent => [-1,21,648,-49,37,1040,114],
eth => [-1,59,603,-62,242,749,200],
zcaron => [-1,36,550,-26,242,757,192],
ncommaaccent => [-1,83,632,-35,0,765,426],
onesuperior => [-1,118,288,2,529,409,253],
imacron => [-1,83,378,-81,242,699,250],
Euro => [-1,57,679,-56,237,707,247],
Ccircumflex => [-1,78,676,-54,237,964,-10],
ccircumflex => [-1,58,539,-37,241,799,151],
Cdotaccent => [-1,78,676,-54,237,960,-6],
cdotaccent => [-1,58,539,-37,241,795,155],
Ebreve => [-1,14,763,-57,250,921,20],
ebreve => [-1,59,537,-36,241,769,181],
Gcircumflex => [-1,77,751,-68,237,964,-10],
gcircumflex => [-1,21,648,-49,42,998,151],
Gdotaccent => [-1,77,751,-68,237,960,-6],
gdotaccent => [-1,21,648,-49,42,994,155],
Hcircumflex => [-1,14,896,-110,250,951,-10],
hcircumflex => [-1,93,643,-36,241,1002,-52],
Hbar => [-1,14,896,-110,250,681,260],
hbar => [-1,93,643,-36,241,741,209],
Itilde => [-1,14,504,-138,250,904,37],
itilde => [-1,83,356,-59,241,754,196],
Ibreve => [-1,14,510,-144,250,921,20],
ibreve => [-1,83,381,-84,241,769,181],
IJ => [-1,14,1078,-106,237,694,260],
ij => [-1,83,658,-27,42,970,179],
Jcircumflex => [-1,8,713,-101,237,964,-10],
jcircumflex => [-1,-160,634,-154,42,942,207],
kgreenlandic => [-1,83,611,-35,238,532,421],
Ldot => [-1,14,711,-85,250,681,260],
ldot => [-1,109,449,28,241,741,209],
napostrophe => [-1,83,632,-35,241,810,140],
Obreve => [-1,78,728,-46,237,934,20],
obreve => [-1,59,568,-27,241,769,181],
Scircumflex => [-1,59,672,-31,237,964,-10],
scircumflex => [-1,32,541,-33,241,799,151],
Tbar => [-1,70,732,-102,250,681,260],
tbar => [-1,72,416,-48,241,668,282],
Tcedilla => [-1,70,732,-102,0,931,260],
tcedilla => [-1,106,382,-48,0,908,283],
Utilde => [-1,112,743,-115,237,917,37],
utilde => [-1,83,637,-40,241,752,198],
Ubreve => [-1,112,743,-115,237,934,20],
ubreve => [-1,83,637,-40,241,769,181],
Wcircumflex => [-1,72,1018,-90,250,951,-10],
wcircumflex => [-1,56,835,-31,241,799,151],
Ycircumflex => [-1,72,745,-157,250,951,-10],
ycircumflex => [-1,25,617,-42,46,994,151],
longs => [-1,-192,833,-221,42,953,196],
infinity => [-1,6,678,14,291,530,370],
'.notdef' => [-1,0,0,340,250,0,941]}});
