('Courier-BoldOblique' => {
  name            => 'Courier-BoldOblique',
  family          => 'Courier',
  height          => 1051,
  weight          => fw::Bold,
  style           => fs::Bold|fs::Italic,
  pitch           => fp::Fixed,
  vector          => 1,
  ascent          => 801,
  descent         => 250,
  maximalWidth    => 1051,
  width           => 1051,
  internalLeading => 51,
  externalLeading => 17,
  firstChar       => 32,
  lastChar        => 251,
  breakChar       => 32,
  defaultChar     => 32,
  xDeviceRes      => 72.27,
  yDeviceRes      => 72.27,
  size            => 1000,
  encoding        => 'Latin1',
  chardata        => {
space => [32,0,0,600,250,0,801],
exclam => [33,215,280,105,235,587,229],
quotedbl => [34,211,374,15,527,285,239],
numbersign => [35,88,553,-41,205,696,150],
dollar => [36,87,543,-30,124,792,135],
percent => [37,101,524,-25,235,631,185],
ampersand => [38,61,534,5,235,558,258],
quoteright => [39,229,314,57,527,285,239],
parenleft => [40,265,327,8,148,718,185],
parenright => [41,117,327,156,148,718,185],
asterisk => [42,179,419,2,469,382,200],
plus => [43,114,482,4,289,439,323],
comma => [44,99,331,170,139,285,627],
hyphen => [45,143,424,33,453,110,488],
period => [46,206,221,173,235,186,630],
slash => [47,90,536,-26,173,703,175],
zero => [48,135,458,7,235,631,185],
one => [49,93,469,38,250,616,185],
two => [50,61,533,6,250,616,185],
three => [51,71,500,29,235,631,185],
four => [52,81,478,41,250,616,185],
five => [53,77,544,-21,235,616,200],
six => [54,135,517,-52,235,631,185],
seven => [55,147,475,-22,250,601,200],
eight => [56,115,489,-4,235,631,185],
nine => [57,75,517,8,235,631,185],
colon => [58,205,275,120,235,440,376],
semicolon => [59,99,382,119,139,536,376],
less => [60,120,493,-13,265,486,300],
equal => [61,96,518,-14,368,280,403],
greater => [62,97,492,11,265,486,300],
question => [63,183,409,8,236,594,221],
at => [64,65,577,-42,235,631,185],
A => [65,-9,641,-32,250,562,239],
B => [66,30,600,-30,250,562,239],
C => [67,74,601,-75,232,598,221],
D => [68,30,634,-64,250,562,239],
E => [69,25,645,-70,250,562,239],
F => [70,39,645,-84,250,562,239],
G => [71,74,601,-75,232,598,221],
H => [72,20,680,-100,250,562,239],
I => [73,77,566,-43,250,562,239],
J => [74,58,663,-121,232,580,239],
K => [75,21,671,-92,250,562,239],
L => [76,39,597,-36,250,562,239],
M => [77,-2,724,-122,250,562,239],
N => [78,8,722,-130,238,574,239],
O => [79,74,571,-45,232,598,221],
P => [80,48,595,-43,250,562,239],
Q => [81,83,553,-36,112,718,221],
R => [82,24,593,-17,250,562,239],
S => [83,54,619,-73,228,604,219],
T => [84,86,593,-79,250,562,239],
U => [85,101,615,-116,232,580,239],
V => [86,84,649,-133,250,562,239],
W => [87,79,659,-138,250,562,239],
X => [88,12,678,-90,250,562,239],
Y => [89,109,600,-109,250,562,239],
Z => [90,62,575,-37,250,562,239],
bracketleft => [91,223,383,-6,148,718,185],
backslash => [92,222,274,104,173,703,175],
bracketright => [93,103,383,114,148,718,185],
asciicircum => [94,171,385,44,500,366,185],
underscore => [95,-27,612,15,125,50,876],
quoteleft => [96,297,190,113,527,285,239],
a => [97,61,532,7,235,469,347],
b => [98,13,623,-36,235,641,175],
c => [99,81,550,-31,235,474,342],
d => [100,60,585,-45,235,641,175],
e => [101,81,524,-5,235,469,347],
f => [102,83,594,-77,250,626,175],
g => [103,40,634,-74,104,600,347],
h => [104,18,597,-15,250,626,175],
i => [105,77,469,54,250,658,143],
j => [106,36,544,20,104,804,143],
k => [107,33,610,-43,250,626,175],
l => [108,77,469,54,250,626,175],
m => [109,-22,671,-49,250,454,347],
n => [110,18,597,-15,250,454,347],
o => [111,71,551,-22,235,469,347],
p => [112,-32,654,-22,108,596,347],
q => [113,60,625,-85,108,596,347],
r => [114,47,608,-55,250,454,347],
s => [115,66,542,-8,233,476,342],
t => [116,118,449,33,235,577,239],
u => [117,70,522,8,235,454,362],
v => [118,70,625,-95,250,439,362],
w => [119,53,659,-112,250,439,362],
x => [120,6,665,-71,250,439,362],
y => [121,-21,716,-95,108,581,362],
z => [122,81,533,-14,250,439,362],
braceleft => [123,203,392,5,148,718,185],
bar => [124,201,304,95,0,1000,51],
braceright => [125,114,392,94,148,718,185],
asciitilde => [126,120,470,10,403,203,445],
exclamdown => [161,196,281,123,104,595,352],
cent => [162,121,484,-5,201,663,187],
sterling => [163,106,544,-50,222,639,190],
fraction => [164,22,686,-108,190,721,140],
yen => [165,98,612,-110,250,562,239],
florin => [166,-57,759,-102,119,747,185],
section => [167,74,546,-20,180,650,221],
currency => [168,77,567,-44,299,468,284],
quotesingle => [169,303,190,107,527,285,239],
quotedblleft => [170,190,404,6,527,285,239],
guillemotleft => [171,62,577,-39,320,376,355],
guilsinglleft => [172,195,350,55,320,376,355],
guilsinglright => [173,165,349,86,320,376,355],
fi => [174,12,632,-44,250,626,175],
fl => [175,12,632,-44,250,626,175],
endash => [177,108,494,-2,453,110,488],
dagger => [178,175,411,14,180,650,221],
daggerdbl => [179,121,466,13,180,650,221],
periodcentered => [180,248,213,139,415,186,450],
paragraph => [182,61,639,-100,180,650,221],
bullet => [183,196,327,77,382,298,371],
quotesinglbase => [184,144,314,142,108,285,658],
quotedblbase => [185,34,526,40,108,285,658],
quotedblright => [186,119,526,-45,527,285,239],
guillemotright => [187,71,576,-47,320,376,355],
ellipsis => [188,35,552,13,235,131,685],
perthousand => [189,-45,788,-143,235,631,185],
questiondown => [191,100,409,91,104,595,352],
grave => [193,272,231,97,758,153,140],
acute => [194,312,297,-9,758,153,140],
circumflex => [195,212,395,-7,733,174,144],
tilde => [196,199,444,-43,743,143,165],
macron => [197,195,442,-37,755,80,216],
breve => [198,217,435,-52,718,163,170],
dotaccent => [199,348,145,107,748,140,163],
dieresis => [200,246,349,5,748,140,163],
ring => [202,319,209,72,731,197,123],
cedilla => [203,168,200,232,44,206,801],
hungarumlaut => [205,171,558,-129,738,173,140],
ogonek => [206,143,224,233,51,199,801],
caron => [207,238,395,-33,743,174,134],
emdash => [208,33,644,-77,453,110,488],
AE => [225,-29,737,-108,250,562,239],
ordfeminine => [227,188,338,74,446,384,221],
Lslash => [232,39,597,-36,250,562,239],
Oslash => [233,48,625,-73,228,606,217],
OE => [234,26,675,-101,250,562,239],
ordmasculine => [235,188,355,57,446,384,221],
ae => [241,21,631,-52,235,469,347],
dotlessi => [245,77,469,54,250,439,362],
lslash => [248,77,510,13,250,626,175],
oslash => [249,54,584,-38,226,487,338],
oe => [250,18,644,-62,235,469,347],
germandbls => [251,22,607,-29,235,641,175],
Idieresis => [-1,77,566,-43,250,761,40],
eacute => [-1,81,528,-9,235,676,140],
abreve => [-1,61,597,-58,235,676,140],
uhungarumlaut => [-1,70,699,-169,235,676,140],
ecaron => [-1,81,552,-33,235,682,134],
Ydieresis => [-1,109,600,-109,250,761,40],
divide => [-1,114,482,4,266,484,301],
Yacute => [-1,109,600,-109,250,784,17],
Acircumflex => [-1,-9,641,-32,250,780,21],
aacute => [-1,61,548,-9,235,676,140],
Ucircumflex => [-1,101,615,-116,232,798,21],
yacute => [-1,-21,716,-95,108,803,140],
scommaaccent => [-1,66,542,-8,0,709,342],
ecircumflex => [-1,81,526,-7,235,672,144],
Uring => [-1,101,615,-116,232,819,0],
Udieresis => [-1,101,615,-116,232,779,40],
aogonek => [-1,61,532,7,51,653,347],
Uacute => [-1,101,615,-116,232,802,17],
uogonek => [-1,70,522,8,51,638,362],
Edieresis => [-1,25,645,-70,250,761,40],
Dcroat => [-1,30,634,-64,250,562,239],
commaaccent => [-1,151,234,215,0,193,858],
copyright => [-1,53,614,-67,232,598,221],
Emacron => [-1,25,645,-70,250,708,93],
ccaron => [-1,81,552,-33,235,682,134],
aring => [-1,61,532,7,235,693,123],
Ncommaaccent => [-1,8,722,-130,0,812,239],
lacute => [-1,77,562,-39,250,801,0],
agrave => [-1,61,532,7,235,676,140],
Tcommaaccent => [-1,86,593,-79,0,812,239],
Cacute => [-1,74,601,-75,232,802,17],
atilde => [-1,61,582,-43,235,651,165],
Edotaccent => [-1,25,645,-70,250,761,40],
scaron => [-1,66,567,-33,233,684,134],
scedilla => [-1,66,542,-8,44,665,342],
iacute => [-1,77,532,-9,250,661,140],
lozenge => [-1,145,469,-14,250,740,61],
Rcaron => [-1,24,635,-59,250,790,11],
Gcommaaccent => [-1,74,601,-75,0,830,221],
ucircumflex => [-1,70,527,3,235,672,144],
acircumflex => [-1,61,546,-7,235,672,144],
Amacron => [-1,-9,642,-33,250,708,93],
rcaron => [-1,47,608,-55,250,667,134],
ccedilla => [-1,81,550,-31,44,665,342],
Zdotaccent => [-1,62,575,-37,250,761,40],
Thorn => [-1,48,572,-20,250,562,239],
Omacron => [-1,74,589,-63,232,726,93],
Racute => [-1,24,641,-65,250,784,17],
Sacute => [-1,54,619,-73,228,806,17],
dcaron => [-1,60,801,-261,235,641,175],
Umacron => [-1,101,615,-116,232,726,93],
uring => [-1,70,522,8,235,693,123],
threesuperior => [-1,193,333,74,472,394,185],
Ograve => [-1,74,571,-45,232,802,17],
Agrave => [-1,-9,641,-32,250,784,17],
Abreve => [-1,-9,693,-84,250,784,17],
multiply => [-1,104,502,-6,289,439,323],
uacute => [-1,70,529,1,235,676,140],
Tcaron => [-1,86,593,-79,250,790,11],
partialdiff => [-1,91,536,-27,212,766,73],
ydieresis => [-1,-21,716,-95,108,780,163],
Nacute => [-1,8,722,-130,238,796,17],
icircumflex => [-1,77,500,23,250,657,144],
Ecircumflex => [-1,25,645,-70,250,780,21],
adieresis => [-1,61,534,5,235,653,163],
edieresis => [-1,81,524,-5,235,653,163],
cacute => [-1,81,568,-49,235,676,140],
nacute => [-1,18,621,-39,250,661,140],
umacron => [-1,70,567,-37,235,600,216],
Ncaron => [-1,8,722,-130,238,802,11],
Iacute => [-1,77,566,-43,250,784,17],
plusminus => [-1,76,538,-14,274,491,286],
brokenbar => [-1,217,272,111,75,850,126],
registered => [-1,53,614,-67,232,598,221],
Gbreve => [-1,74,610,-84,232,802,17],
Idotaccent => [-1,77,566,-43,250,761,40],
summation => [-1,15,657,-72,240,716,95],
Egrave => [-1,25,645,-70,250,784,17],
racute => [-1,47,608,-55,250,661,140],
omacron => [-1,71,566,-37,235,600,216],
Zacute => [-1,62,603,-65,250,784,17],
Zcaron => [-1,62,597,-59,250,790,11],
greaterequal => [-1,26,601,-27,250,696,105],
Eth => [-1,30,634,-64,250,562,239],
Ccedilla => [-1,74,601,-75,44,786,221],
lcommaaccent => [-1,77,469,54,0,876,175],
tcaron => [-1,118,509,-27,235,718,98],
eogonek => [-1,81,524,-5,51,653,347],
Uogonek => [-1,101,615,-116,51,761,239],
Aacute => [-1,-9,664,-55,250,784,17],
Adieresis => [-1,-9,641,-32,250,761,40],
egrave => [-1,81,524,-5,235,676,140],
zacute => [-1,81,533,-14,250,661,140],
iogonek => [-1,77,469,54,51,857,143],
Oacute => [-1,74,571,-45,232,802,17],
oacute => [-1,71,578,-49,235,676,140],
amacron => [-1,61,576,-37,235,600,216],
sacute => [-1,66,543,-9,233,678,140],
idieresis => [-1,77,484,39,250,618,183],
Ocircumflex => [-1,74,571,-45,232,798,21],
Ugrave => [-1,101,615,-116,232,802,17],
Delta => [-1,6,588,6,250,688,113],
thorn => [-1,-32,654,-22,108,768,175],
twosuperior => [-1,191,351,58,480,386,185],
Odieresis => [-1,74,571,-45,232,779,40],
mu => [-1,49,543,8,108,581,362],
igrave => [-1,77,469,54,250,661,140],
ohungarumlaut => [-1,71,738,-209,235,676,140],
Eogonek => [-1,25,645,-70,51,761,239],
dcroat => [-1,60,652,-112,235,641,175],
threequarters => [-1,8,691,-99,190,721,140],
Scedilla => [-1,54,619,-73,44,788,219],
lcaron => [-1,77,654,-131,250,626,175],
Kcommaaccent => [-1,21,671,-92,0,812,239],
Lacute => [-1,39,597,-36,250,784,17],
trademark => [-1,86,783,-269,480,332,239],
edotaccent => [-1,81,524,-5,235,653,163],
Igrave => [-1,77,566,-43,250,784,17],
Imacron => [-1,77,586,-63,250,708,93],
Lcaron => [-1,39,718,-157,250,562,239],
onehalf => [-1,22,694,-116,190,721,140],
lessequal => [-1,26,645,-71,250,696,105],
ocircumflex => [-1,71,551,-22,235,672,144],
ntilde => [-1,18,625,-43,250,636,165],
Uhungarumlaut => [-1,101,704,-205,232,802,17],
Eacute => [-1,25,645,-70,250,784,17],
emacron => [-1,81,556,-37,235,600,216],
gbreve => [-1,40,634,-74,104,807,140],
onequarter => [-1,13,694,-107,190,721,140],
Scaron => [-1,54,635,-89,228,812,11],
Scommaaccent => [-1,54,619,-73,0,832,219],
Ohungarumlaut => [-1,74,721,-195,232,802,17],
degree => [-1,173,397,30,493,373,185],
ograve => [-1,71,551,-22,235,676,140],
Ccaron => [-1,74,615,-89,232,808,11],
ugrave => [-1,70,522,8,235,676,140],
radical => [-1,67,568,-35,146,882,23],
Dcaron => [-1,30,634,-64,250,790,11],
rcommaaccent => [-1,47,608,-55,0,704,347],
Ntilde => [-1,8,722,-130,238,771,42],
otilde => [-1,71,572,-43,235,651,165],
Rcommaaccent => [-1,24,593,-17,0,812,239],
Lcommaaccent => [-1,39,597,-36,0,812,239],
Atilde => [-1,-9,678,-69,250,759,42],
Aogonek => [-1,-9,641,-32,51,761,239],
Aring => [-1,-9,641,-32,250,801,0],
Otilde => [-1,74,595,-69,232,777,42],
zdotaccent => [-1,81,533,-14,250,638,163],
Ecaron => [-1,25,645,-70,250,790,11],
Iogonek => [-1,77,566,-43,51,761,239],
kcommaaccent => [-1,33,610,-43,0,876,175],
minus => [-1,114,482,4,453,110,488],
Icircumflex => [-1,77,566,-43,250,780,21],
ncaron => [-1,18,615,-33,250,667,134],
tcommaaccent => [-1,118,449,33,0,812,239],
logicalnot => [-1,135,482,-17,353,310,388],
odieresis => [-1,71,551,-22,235,653,163],
udieresis => [-1,70,525,5,235,653,163],
notequal => [-1,30,596,-26,203,610,238],
gcommaaccent => [-1,40,634,-74,104,860,87],
eth => [-1,93,568,-61,223,653,175],
zcaron => [-1,81,562,-43,250,667,134],
ncommaaccent => [-1,18,597,-15,0,704,347],
onesuperior => [-1,212,302,86,480,386,185],
imacron => [-1,77,498,25,250,585,216],
Euro => [-1,0,0,600,250,0,801],
Ccircumflex => [-1,18,564,18,235,812,4],
ccircumflex => [-1,42,516,42,234,672,145],
Cdotaccent => [-1,18,564,18,235,735,81],
cdotaccent => [-1,42,516,42,234,595,222],
Ebreve => [-1,-5,610,-5,250,782,19],
ebreve => [-1,44,512,44,234,658,159],
Gcircumflex => [-1,16,568,16,235,812,4],
gcircumflex => [-1,8,584,8,52,854,145],
Gdotaccent => [-1,16,568,16,235,735,81],
gdotaccent => [-1,8,584,8,52,777,222],
Hcircumflex => [-1,-12,624,-12,250,797,4],
hcircumflex => [-1,14,572,14,250,837,-36],
Hbar => [-1,-12,624,-12,250,565,236],
hbar => [-1,29,542,29,250,648,153],
Itilde => [-1,34,532,34,250,733,68],
itilde => [-1,40,520,40,250,591,210],
Ibreve => [-1,36,528,36,250,782,19],
ibreve => [-1,40,520,40,250,642,159],
IJ => [-1,-51,702,-51,235,580,236],
ij => [-1,-14,628,-14,52,802,197],
Jcircumflex => [-1,-21,642,-21,235,812,4],
jcircumflex => [-1,20,560,20,52,930,69],
kgreenlandic => [-1,26,548,26,250,423,378],
Ldot => [-1,21,558,21,250,565,236],
ldot => [-1,34,532,34,250,604,197],
Obreve => [-1,22,556,22,235,797,19],
obreve => [-1,46,509,45,234,658,159],
Scircumflex => [-1,28,544,28,235,812,4],
scircumflex => [-1,54,492,54,234,672,145],
Tbar => [-1,28,544,28,250,565,236],
tbar => [-1,51,469,80,234,589,228],
Tcedilla => [-1,86,593,-79,0,812,239],
tcedilla => [-1,118,449,33,0,812,239],
Utilde => [-1,12,576,12,235,748,68],
utilde => [-1,53,494,53,238,603,210],
Ubreve => [-1,12,576,12,235,797,19],
ubreve => [-1,53,494,53,238,654,159],
Wcircumflex => [-1,-4,608,-4,250,797,4],
wcircumflex => [-1,9,582,9,250,656,145],
Ycircumflex => [-1,25,550,25,250,797,4],
ycircumflex => [-1,-26,652,-26,52,854,145],
longs => [-1,6,588,6,250,604,197],
infinity => [-1,5,590,5,370,364,317],
'.notdef' => [-1,0,0,600,250,0,801]}});
