('Courier-Oblique' => {
  name            => 'Courier-Oblique',
  family          => 'Courier',
  height          => 1055,
  weight          => fw::Medium,
  style           => fs::Italic,
  pitch           => fp::Fixed,
  vector          => 1,
  ascent          => 805,
  descent         => 250,
  maximalWidth    => 1055,
  width           => 1055,
  internalLeading => 55,
  externalLeading => 18,
  firstChar       => 32,
  lastChar        => 251,
  breakChar       => 32,
  defaultChar     => 32,
  xDeviceRes      => 72.27,
  yDeviceRes      => 72.27,
  size            => 1000,
  encoding        => 'Latin1',
  chardata        => {
space => [32,0,0,600,250,0,805],
exclam => [33,243,221,136,235,587,233],
quotedbl => [34,273,259,68,578,234,243],
numbersign => [35,133,463,4,218,671,166],
dollar => [36,108,488,4,124,788,143],
percent => [37,134,465,1,235,637,183],
ampersand => [38,87,493,20,235,558,262],
quoteright => [39,283,212,105,578,234,243],
parenleft => [40,313,259,28,142,730,183],
parenright => [41,137,259,204,142,730,183],
asterisk => [42,212,368,20,507,350,198],
plus => [43,129,451,20,294,426,335],
comma => [44,157,213,230,138,234,683],
hyphen => [45,152,406,42,481,54,520],
period => [46,238,144,218,235,124,696],
slash => [47,112,492,-4,170,709,176],
zero => [48,154,421,25,235,637,183],
one => [49,98,417,85,250,622,183],
two => [50,70,498,32,250,622,183],
three => [51,82,456,62,235,637,183],
four => [52,108,433,59,250,622,183],
five => [53,99,490,11,235,622,198],
six => [54,155,474,-29,235,637,183],
seven => [55,182,430,-12,250,607,198],
eight => [56,132,456,12,235,637,183],
nine => [57,93,481,26,235,637,183],
colon => [58,238,203,159,235,400,420],
semicolon => [59,157,284,159,138,497,420],
less => [60,96,514,-10,292,430,333],
equal => [61,109,491,0,388,238,429],
greater => [62,85,514,1,292,430,333],
question => [63,222,361,17,235,587,233],
at => [64,127,455,18,235,637,183],
A => [65,3,604,-7,250,562,243],
B => [66,43,573,-16,250,562,243],
C => [67,93,562,-55,232,598,225],
D => [68,43,602,-45,250,562,243],
E => [69,53,607,-60,250,562,243],
F => [70,53,607,-60,250,562,243],
G => [71,83,562,-45,232,598,225],
H => [72,32,655,-87,250,562,243],
I => [73,96,527,-23,250,562,243],
J => [74,52,633,-85,232,580,243],
K => [75,38,633,-71,250,562,243],
L => [76,47,560,-7,250,562,243],
M => [77,4,711,-115,250,562,243],
N => [78,7,705,-112,237,575,243],
O => [79,94,531,-25,232,598,225],
P => [80,79,565,-44,250,562,243],
Q => [81,95,530,-25,112,718,225],
R => [82,38,560,2,250,562,243],
S => [83,76,574,-50,230,600,225],
T => [84,108,557,-65,250,562,243],
U => [85,125,577,-102,232,580,243],
V => [86,105,618,-123,237,575,243],
W => [87,106,616,-122,237,575,243],
X => [88,23,652,-75,250,562,243],
Y => [89,133,562,-95,250,562,243],
Z => [90,86,524,-10,250,562,243],
bracketleft => [91,246,328,26,142,730,183],
backslash => [92,249,219,132,170,709,176],
bracketright => [93,135,328,137,142,730,183],
asciicircum => [94,175,412,13,604,268,183],
underscore => [95,-27,611,16,125,50,880],
quoteleft => [96,343,114,143,578,234,243],
a => [97,76,493,31,235,456,364],
b => [98,29,596,-25,235,644,176],
c => [99,106,502,-8,235,456,364],
d => [100,85,555,-40,235,644,176],
e => [101,106,492,2,235,456,364],
f => [102,114,548,-62,250,629,176],
g => [103,61,596,-57,93,598,364],
h => [104,33,559,8,250,629,176],
i => [105,95,420,85,250,657,148],
j => [106,52,498,50,93,814,148],
k => [107,58,575,-33,250,629,176],
l => [108,95,420,85,250,629,176],
m => [109,-5,620,-15,250,441,364],
n => [110,26,559,15,250,441,364],
o => [111,102,486,12,235,456,364],
p => [112,-24,629,-5,93,598,364],
q => [113,85,597,-82,93,598,364],
r => [114,60,576,-36,250,441,364],
s => [115,78,506,16,235,456,364],
t => [116,167,394,39,235,576,244],
u => [117,101,471,28,235,441,379],
v => [118,90,591,-81,240,436,379],
w => [119,76,619,-95,240,436,379],
x => [120,20,635,-55,250,426,379],
y => [121,-4,687,-83,93,583,379],
z => [122,99,494,7,250,426,379],
braceleft => [123,233,336,31,142,730,183],
bar => [124,222,263,115,0,1000,55],
braceright => [125,140,337,123,142,730,183],
asciitilde => [126,116,484,0,447,123,485],
exclamdown => [161,225,220,155,93,587,375],
cent => [162,151,437,12,201,663,191],
sterling => [163,124,497,-21,229,632,194],
fraction => [164,84,562,-46,193,722,140],
yen => [165,120,573,-93,250,562,243],
florin => [166,-26,697,-71,107,765,183],
section => [167,104,486,10,172,658,225],
currency => [168,94,534,-28,308,448,299],
quotesingle => [169,345,115,140,578,234,243],
quotedblleft => [170,262,279,59,578,234,243],
guillemotleft => [171,92,560,-52,320,376,359],
guilsinglleft => [172,204,336,60,320,376,359],
guilsinglright => [173,170,336,94,320,376,359],
fi => [174,3,616,-19,250,629,176],
fl => [175,3,616,-19,250,629,176],
endash => [177,124,462,14,481,54,520],
dagger => [178,217,329,54,172,658,225],
daggerdbl => [179,163,383,54,172,658,225],
periodcentered => [180,275,159,166,439,138,478],
paragraph => [182,100,530,-30,172,640,243],
bullet => [183,224,261,115,380,253,422],
quotesinglbase => [184,185,212,203,116,234,705],
quotedblbase => [185,115,363,122,116,234,705],
quotedblright => [186,213,363,24,578,234,243],
guillemotright => [187,58,560,-18,320,376,359],
ellipsis => [188,46,529,25,235,126,694],
perthousand => [189,59,568,-27,235,637,183],
questiondown => [191,105,361,134,93,587,375],
grave => [193,294,190,116,747,175,133],
acute => [194,348,264,-12,747,175,133],
circumflex => [195,229,352,19,727,177,151],
tilde => [196,212,417,-29,739,117,199],
macron => [197,232,368,0,775,40,240],
breve => [198,279,297,24,751,108,196],
dotaccent => [199,373,105,122,787,103,165],
dieresis => [200,272,307,21,787,103,165],
ring => [202,332,168,100,713,164,178],
cedilla => [203,197,147,256,99,161,795],
hungarumlaut => [205,239,444,-83,747,175,133],
ogonek => [206,189,188,223,78,176,801],
caron => [207,262,352,-14,742,177,136],
emdash => [208,49,612,-61,481,54,520],
AE => [225,3,652,-55,250,562,243],
ordfeminine => [227,209,303,88,499,331,225],
Lslash => [232,47,560,-7,250,562,243],
Oslash => [233,94,531,-25,170,709,176],
OE => [234,59,613,-72,250,562,243],
ordmasculine => [235,210,325,65,499,331,225],
ae => [241,41,585,-26,235,456,364],
dotlessi => [245,95,420,85,250,426,379],
lslash => [248,95,492,13,250,629,176],
oslash => [249,102,486,12,170,586,299],
oe => [250,54,561,-15,235,456,364],
germandbls => [251,48,569,-17,235,644,176],
Idieresis => [-1,96,527,-23,250,753,52],
eacute => [-1,106,506,-12,235,687,133],
abreve => [-1,76,500,24,235,624,196],
uhungarumlaut => [-1,101,622,-123,235,687,133],
ecaron => [-1,106,508,-14,235,684,136],
Ydieresis => [-1,133,562,-95,250,753,52],
divide => [-1,136,437,27,298,419,338],
Yacute => [-1,133,562,-95,250,805,0],
Acircumflex => [-1,3,604,-7,250,787,18],
aacute => [-1,76,536,-12,235,687,133],
Ucircumflex => [-1,125,577,-102,232,805,18],
yacute => [-1,-4,687,-83,93,829,133],
scommaaccent => [-1,78,506,16,0,691,364],
ecircumflex => [-1,106,492,2,235,669,151],
Uring => [-1,125,577,-102,232,778,45],
Udieresis => [-1,125,577,-102,232,771,52],
aogonek => [-1,76,493,31,78,613,364],
Uacute => [-1,125,577,-102,232,823,0],
uogonek => [-1,101,471,28,78,598,379],
Edieresis => [-1,53,607,-60,250,753,52],
Dcroat => [-1,43,602,-45,250,562,243],
commaaccent => [-1,145,178,277,0,192,863],
copyright => [-1,53,614,-67,232,598,225],
Emacron => [-1,53,607,-60,250,698,107],
ccaron => [-1,106,508,-14,235,684,136],
aring => [-1,76,493,31,235,642,178],
Ncommaaccent => [-1,7,705,-112,0,812,243],
lacute => [-1,95,545,-40,250,805,0],
agrave => [-1,76,493,31,235,687,133],
Tcommaaccent => [-1,108,557,-65,0,812,243],
Cacute => [-1,93,562,-55,232,823,0],
atilde => [-1,76,553,-29,235,621,199],
Edotaccent => [-1,53,607,-60,250,753,52],
scaron => [-1,78,536,-14,235,684,136],
scedilla => [-1,78,506,16,99,592,364],
iacute => [-1,95,517,-12,250,672,133],
lozenge => [-1,94,425,81,250,706,99],
Rcaron => [-1,38,604,-42,250,802,3],
Gcommaaccent => [-1,83,562,-45,0,830,225],
ucircumflex => [-1,101,471,28,235,669,151],
acircumflex => [-1,76,505,19,235,669,151],
Amacron => [-1,3,604,-7,250,698,107],
rcaron => [-1,60,576,-36,250,669,136],
ccedilla => [-1,106,508,-14,99,592,364],
Zdotaccent => [-1,86,524,-10,250,753,52],
Thorn => [-1,79,527,-6,250,562,243],
Omacron => [-1,94,534,-28,232,716,107],
Racute => [-1,38,632,-70,250,805,0],
Sacute => [-1,76,574,-50,230,825,0],
dcaron => [-1,85,764,-249,235,644,176],
Umacron => [-1,125,577,-102,232,716,107],
uring => [-1,101,471,28,235,642,178],
threesuperior => [-1,213,288,99,490,382,183],
Ograve => [-1,94,531,-25,232,823,0],
Agrave => [-1,3,604,-7,250,805,0],
Abreve => [-1,3,604,-7,250,732,73],
multiply => [-1,103,504,-7,293,427,335],
uacute => [-1,101,501,-2,235,687,133],
Tcaron => [-1,108,557,-65,250,802,3],
partialdiff => [-1,45,501,54,212,748,95],
ydieresis => [-1,-4,687,-83,93,777,185],
Nacute => [-1,7,705,-112,237,818,0],
icircumflex => [-1,95,456,49,250,654,151],
Ecircumflex => [-1,53,607,-60,250,787,18],
adieresis => [-1,76,499,25,235,635,185],
edieresis => [-1,106,492,2,235,635,185],
cacute => [-1,106,506,-12,235,687,133],
nacute => [-1,26,576,-2,250,672,133],
umacron => [-1,101,499,0,235,580,240],
Ncaron => [-1,7,705,-112,237,815,3],
Iacute => [-1,96,544,-40,250,805,0],
plusminus => [-1,96,498,6,294,514,247],
brokenbar => [-1,238,231,131,75,850,130],
registered => [-1,53,614,-67,232,598,225],
Gbreve => [-1,83,562,-45,232,750,73],
Idotaccent => [-1,96,527,-23,250,753,52],
summation => [-1,15,655,-70,240,716,99],
Egrave => [-1,53,607,-60,250,805,0],
racute => [-1,60,576,-36,250,672,133],
omacron => [-1,102,498,0,235,580,240],
Zacute => [-1,86,584,-70,250,805,0],
Zcaron => [-1,86,556,-42,250,802,3],
greaterequal => [-1,98,496,6,250,710,95],
Eth => [-1,43,602,-45,250,562,243],
Ccedilla => [-1,93,565,-58,99,731,225],
lcommaaccent => [-1,95,420,85,0,879,176],
tcaron => [-1,167,420,13,235,732,88],
eogonek => [-1,106,492,2,78,613,364],
Uogonek => [-1,124,578,-102,78,734,243],
Aacute => [-1,3,657,-60,250,805,0],
Adieresis => [-1,3,604,-7,250,753,52],
egrave => [-1,106,492,2,235,687,133],
zacute => [-1,99,513,-12,250,672,133],
iogonek => [-1,95,420,85,78,829,148],
Oacute => [-1,94,546,-40,232,823,0],
oacute => [-1,102,510,-12,235,687,133],
amacron => [-1,76,524,0,235,580,240],
sacute => [-1,78,534,-12,235,687,133],
idieresis => [-1,95,450,55,250,620,185],
Ocircumflex => [-1,94,531,-25,232,805,18],
Ugrave => [-1,125,577,-102,232,823,0],
Delta => [-1,6,592,2,250,688,117],
thorn => [-1,-24,629,-5,93,786,176],
twosuperior => [-1,230,305,65,499,373,183],
Odieresis => [-1,94,531,-25,232,771,52],
mu => [-1,72,500,28,93,583,379],
igrave => [-1,95,420,85,250,672,133],
ohungarumlaut => [-1,102,621,-123,235,687,133],
Eogonek => [-1,53,607,-60,78,734,243],
dcroat => [-1,85,619,-104,235,644,176],
threequarters => [-1,73,586,-59,194,722,139],
Scedilla => [-1,76,574,-50,99,731,225],
lcaron => [-1,95,572,-67,250,629,176],
Kcommaaccent => [-1,38,633,-71,0,812,243],
Lacute => [-1,47,560,-7,250,805,0],
trademark => [-1,75,667,-142,513,299,243],
edotaccent => [-1,106,492,2,235,635,185],
Igrave => [-1,96,527,-23,250,805,0],
Imacron => [-1,96,532,-28,250,698,107],
Lcaron => [-1,47,585,-32,250,562,243],
onehalf => [-1,65,604,-69,193,722,140],
lessequal => [-1,98,547,-45,250,710,95],
ocircumflex => [-1,102,486,12,235,669,151],
ntilde => [-1,26,603,-29,250,606,199],
Uhungarumlaut => [-1,125,636,-161,232,823,0],
Eacute => [-1,53,617,-70,250,805,0],
emacron => [-1,106,494,0,235,580,240],
gbreve => [-1,61,596,-57,93,766,196],
onequarter => [-1,65,609,-74,193,722,140],
Scaron => [-1,76,596,-72,230,822,3],
Scommaaccent => [-1,76,574,-50,0,830,225],
Ohungarumlaut => [-1,94,657,-151,232,823,0],
degree => [-1,214,362,24,519,353,183],
ograve => [-1,102,486,12,235,687,133],
Ccaron => [-1,93,579,-72,232,820,3],
ugrave => [-1,101,471,28,235,687,133],
radical => [-1,85,680,-165,235,807,13],
Dcaron => [-1,43,602,-45,250,802,3],
rcommaaccent => [-1,60,576,-36,0,691,364],
Ntilde => [-1,7,705,-112,237,742,76],
otilde => [-1,102,527,-29,235,621,199],
Rcommaaccent => [-1,38,560,2,0,812,243],
Lcommaaccent => [-1,47,560,-7,0,812,243],
Atilde => [-1,3,652,-55,250,729,76],
Aogonek => [-1,3,604,-7,78,734,243],
Aring => [-1,3,604,-7,250,750,55],
Otilde => [-1,94,561,-55,232,747,76],
zdotaccent => [-1,99,494,7,250,620,185],
Ecaron => [-1,53,607,-60,250,802,3],
Iogonek => [-1,96,527,-23,78,734,243],
kcommaaccent => [-1,58,575,-33,0,879,176],
minus => [-1,129,451,20,482,51,522],
Icircumflex => [-1,96,527,-23,250,787,18],
ncaron => [-1,26,588,-14,250,669,136],
tcommaaccent => [-1,165,396,39,0,811,244],
logicalnot => [-1,155,436,9,358,261,436],
odieresis => [-1,102,486,12,235,635,185],
udieresis => [-1,101,474,25,235,635,185],
notequal => [-1,43,578,-21,234,545,276],
gcommaaccent => [-1,61,596,-57,93,865,97],
eth => [-1,102,537,-39,235,644,176],
zcaron => [-1,99,525,-24,250,669,136],
ncommaaccent => [-1,26,559,15,0,691,364],
onesuperior => [-1,231,260,109,499,373,183],
imacron => [-1,95,448,57,250,565,240],
Euro => [-1,0,0,600,250,0,805],
Ccircumflex => [-1,110,525,-35,234,769,52],
ccircumflex => [-1,121,475,4,233,624,198],
Cdotaccent => [-1,110,525,-35,234,718,103],
cdotaccent => [-1,121,475,4,233,574,248],
Ebreve => [-1,47,572,-19,250,735,70],
ebreve => [-1,104,466,30,234,605,216],
Gcircumflex => [-1,108,528,-36,234,769,52],
gcircumflex => [-1,106,541,-47,64,793,198],
Gdotaccent => [-1,108,528,-36,234,718,103],
gdotaccent => [-1,106,541,-47,64,743,248],
Hcircumflex => [-1,57,589,-46,250,753,52],
hcircumflex => [-1,55,528,17,250,794,11],
Hbar => [-1,57,589,-46,250,563,242],
hbar => [-1,55,501,44,250,604,201],
Itilde => [-1,117,486,-3,250,693,112],
itilde => [-1,96,471,33,250,547,258],
Ibreve => [-1,117,486,-3,250,735,70],
ibreve => [-1,96,471,33,250,589,216],
IJ => [-1,27,645,-72,234,579,242],
ij => [-1,34,613,-47,64,810,181],
Jcircumflex => [-1,100,608,-108,234,769,52],
jcircumflex => [-1,112,441,47,64,826,165],
kgreenlandic => [-1,44,512,44,250,417,388],
Ldot => [-1,67,518,15,250,563,242],
ldot => [-1,47,506,47,250,604,201],
Obreve => [-1,102,515,-17,234,751,70],
obreve => [-1,110,466,24,234,605,216],
Scircumflex => [-1,96,506,-2,233,770,52],
scircumflex => [-1,108,450,42,233,624,198],
Tbar => [-1,152,496,-48,250,563,242],
tbar => [-1,102,416,82,234,579,242],
Tcedilla => [-1,108,557,-65,0,812,243],
tcedilla => [-1,165,396,39,0,811,244],
Utilde => [-1,136,540,-76,234,709,112],
utilde => [-1,127,442,31,234,563,258],
Ubreve => [-1,136,540,-76,234,751,70],
ubreve => [-1,127,442,31,234,605,216],
Wcircumflex => [-1,123,574,-97,250,753,52],
wcircumflex => [-1,114,541,-55,250,607,198],
Ycircumflex => [-1,153,512,-65,250,753,52],
ycircumflex => [-1,22,611,-33,64,793,198],
longs => [-1,109,554,-63,250,604,201],
infinity => [-1,0,600,0,383,335,337],
'.notdef' => [-1,0,0,600,250,0,805]}});
