('Courier-Bold' => {
  name            => 'Courier-Bold',
  family          => 'Courier',
  height          => 1051,
  weight          => fw::Bold,
  style           => fs::Bold,
  pitch           => fp::Fixed,
  vector          => 1,
  ascent          => 801,
  descent         => 250,
  maximalWidth    => 1051,
  width           => 1051,
  internalLeading => 51,
  externalLeading => 17,
  firstChar       => 32,
  lastChar        => 251,
  breakChar       => 32,
  defaultChar     => 32,
  xDeviceRes      => 72.27,
  yDeviceRes      => 72.27,
  size            => 1000,
  encoding        => 'Latin1',
  chardata        => {
space => [32,0,0,600,250,0,801],
exclam => [33,202,196,202,235,587,229],
quotedbl => [34,135,330,135,527,285,239],
numbersign => [35,56,488,56,205,696,150],
dollar => [36,82,437,81,124,792,135],
percent => [37,5,590,5,235,631,185],
ampersand => [38,36,510,54,235,558,258],
quoteright => [39,171,252,177,527,285,239],
parenleft => [40,219,242,139,148,718,185],
parenright => [41,139,242,219,148,718,185],
asterisk => [42,91,418,91,469,382,200],
plus => [43,71,458,71,289,439,323],
comma => [44,123,270,207,139,285,627],
hyphen => [45,100,400,100,453,110,488],
period => [46,192,216,192,235,186,630],
slash => [47,98,404,98,173,703,175],
zero => [48,87,426,87,235,631,185],
one => [49,81,458,61,250,616,185],
two => [50,61,438,101,250,616,185],
three => [51,63,438,99,235,631,185],
four => [52,53,454,93,250,616,185],
five => [53,70,451,79,235,616,200],
six => [54,90,431,79,235,631,185],
seven => [55,55,439,106,250,601,200],
eight => [56,83,434,83,235,631,185],
nine => [57,79,431,90,235,631,185],
colon => [58,191,216,193,235,440,376],
semicolon => [59,123,285,192,139,536,376],
less => [60,66,457,77,265,486,300],
equal => [61,71,458,71,368,280,403],
greater => [62,77,457,66,265,486,300],
question => [63,98,403,99,236,594,221],
at => [64,16,568,16,235,631,185],
A => [65,-9,618,-9,250,562,239],
B => [66,30,543,27,250,562,239],
C => [67,22,538,40,232,598,221],
D => [68,30,564,6,250,562,239],
E => [69,25,535,40,250,562,239],
F => [70,39,531,30,250,562,239],
G => [71,22,572,6,232,598,221],
H => [72,20,560,20,250,562,239],
I => [73,77,446,77,250,562,239],
J => [74,37,564,-1,232,580,239],
K => [75,21,578,1,250,562,239],
L => [76,39,539,22,250,562,239],
M => [77,-2,604,-2,250,562,239],
N => [78,8,602,-10,238,574,239],
O => [79,22,556,22,232,598,221],
P => [80,48,511,41,250,562,239],
Q => [81,32,546,22,112,718,221],
R => [82,24,575,1,250,562,239],
S => [83,47,506,47,228,604,219],
T => [84,21,558,21,250,562,239],
U => [85,4,592,4,232,580,239],
V => [86,-13,626,-13,250,562,239],
W => [87,-18,636,-18,250,562,239],
X => [88,12,576,12,250,562,239],
Y => [89,12,577,11,250,562,239],
Z => [90,62,477,61,250,562,239],
bracketleft => [91,245,230,125,148,718,185],
backslash => [92,99,404,97,173,703,175],
bracketright => [93,125,230,245,148,718,185],
asciicircum => [94,108,384,108,500,366,185],
underscore => [95,0,600,0,125,50,876],
quoteleft => [96,178,250,172,527,285,239],
a => [97,35,535,30,235,469,347],
b => [98,0,584,16,235,641,175],
c => [99,40,505,55,235,474,342],
d => [100,20,571,9,235,641,175],
e => [101,40,523,37,235,469,347],
f => [102,83,464,53,250,626,175],
g => [103,30,550,20,104,600,347],
h => [104,5,587,8,250,626,175],
i => [105,77,446,77,250,658,143],
j => [106,63,377,160,104,804,143],
k => [107,20,565,15,250,626,175],
l => [108,77,446,77,250,626,175],
m => [109,-22,648,-26,250,454,347],
n => [110,18,574,8,250,454,347],
o => [111,30,540,30,235,469,347],
p => [112,-1,571,30,108,596,347],
q => [113,20,571,9,108,596,347],
r => [114,47,533,20,250,454,347],
s => [115,68,467,65,233,476,342],
t => [116,47,485,68,235,577,239],
u => [117,-1,570,31,235,454,362],
v => [118,-1,602,-1,250,439,362],
w => [119,-18,636,-18,250,439,362],
x => [120,6,588,6,250,439,362],
y => [121,-4,605,-1,108,581,362],
z => [122,81,439,80,250,439,362],
braceleft => [123,160,304,136,148,718,185],
bar => [124,255,90,255,0,1000,51],
braceright => [125,136,304,160,148,718,185],
asciitilde => [126,71,459,70,403,203,445],
exclamdown => [161,202,196,202,104,595,352],
cent => [162,66,452,82,201,663,187],
sterling => [163,72,486,42,222,639,190],
fraction => [164,25,551,24,190,721,140],
yen => [165,10,580,10,250,562,239],
florin => [166,-30,602,28,119,747,185],
section => [167,83,434,83,180,650,221],
currency => [168,54,492,54,299,468,284],
quotesingle => [169,227,146,227,527,285,239],
quotedblleft => [170,71,464,65,527,285,239],
guillemotleft => [171,8,545,47,320,376,355],
guilsinglleft => [172,141,318,141,320,376,355],
guilsinglright => [173,141,318,141,320,376,355],
fi => [174,12,581,7,250,626,175],
fl => [175,12,581,7,250,626,175],
endash => [177,65,470,65,453,110,488],
dagger => [178,106,388,106,180,650,221],
daggerdbl => [179,106,388,106,180,650,221],
periodcentered => [180,196,208,196,415,186,450],
paragraph => [182,6,570,24,180,650,221],
bullet => [183,140,320,140,382,298,371],
quotesinglbase => [184,175,252,173,108,285,658],
quotedblbase => [185,65,464,71,108,285,658],
quotedblright => [186,61,464,75,527,285,239],
guillemotright => [187,47,545,8,320,376,355],
ellipsis => [188,26,548,26,235,131,685],
perthousand => [189,-113,826,-113,235,631,185],
questiondown => [191,99,403,98,104,595,352],
grave => [193,132,263,205,758,153,140],
acute => [194,205,263,132,758,153,140],
circumflex => [195,103,394,103,733,174,144],
tilde => [196,89,423,88,743,143,165],
macron => [197,88,424,88,755,80,216],
breve => [198,83,434,83,718,163,170],
dotaccent => [199,230,140,230,748,140,163],
dieresis => [200,128,344,128,748,140,163],
ring => [202,198,204,198,731,197,123],
cedilla => [203,205,182,213,44,206,801],
hungarumlaut => [205,68,520,12,738,173,140],
ogonek => [206,169,231,200,51,199,801],
caron => [207,103,394,103,743,174,134],
emdash => [208,-10,620,-10,453,110,488],
AE => [225,-29,631,-2,250,562,239],
ordfeminine => [227,147,306,147,446,384,221],
Lslash => [232,39,539,22,250,562,239],
Oslash => [233,22,556,22,228,606,217],
OE => [234,-25,620,5,250,562,239],
ordmasculine => [235,147,306,147,446,384,221],
ae => [241,-4,605,-1,235,469,347],
dotlessi => [245,77,446,77,250,439,362],
lslash => [248,77,446,77,250,626,175],
oslash => [249,30,540,30,226,487,338],
oe => [250,-18,629,-11,235,469,347],
germandbls => [251,22,574,4,235,641,175],
Idieresis => [-1,77,446,77,250,761,40],
eacute => [-1,40,523,37,235,676,140],
abreve => [-1,35,535,30,235,676,140],
uhungarumlaut => [-1,-1,629,-28,235,676,140],
ecaron => [-1,40,523,37,235,682,134],
Ydieresis => [-1,12,577,11,250,761,40],
divide => [-1,71,458,71,266,484,301],
Yacute => [-1,12,577,11,250,784,17],
Acircumflex => [-1,-9,618,-9,250,780,21],
aacute => [-1,35,535,30,235,676,140],
Ucircumflex => [-1,4,592,4,232,798,21],
yacute => [-1,-4,605,-1,108,803,140],
scommaaccent => [-1,68,467,65,0,709,342],
ecircumflex => [-1,40,523,37,235,672,144],
Uring => [-1,4,592,4,232,819,0],
Udieresis => [-1,4,592,4,232,779,40],
aogonek => [-1,35,551,14,51,653,347],
Uacute => [-1,4,592,4,232,802,17],
uogonek => [-1,-1,586,15,51,638,362],
Edieresis => [-1,25,535,40,250,761,40],
Dcroat => [-1,30,564,6,250,562,239],
commaaccent => [-1,205,192,203,0,193,858],
copyright => [-1,0,600,0,232,598,221],
Emacron => [-1,25,535,40,250,708,93],
ccaron => [-1,40,505,55,235,682,134],
aring => [-1,35,535,30,235,693,123],
Ncommaaccent => [-1,8,602,-10,0,812,239],
lacute => [-1,77,446,77,250,801,0],
agrave => [-1,35,535,30,235,676,140],
Tcommaaccent => [-1,21,558,21,0,812,239],
Cacute => [-1,22,538,40,232,802,17],
atilde => [-1,35,535,30,235,651,165],
Edotaccent => [-1,25,535,40,250,761,40],
scaron => [-1,68,467,65,233,684,134],
scedilla => [-1,68,467,65,44,665,342],
iacute => [-1,77,446,77,250,661,140],
lozenge => [-1,66,468,66,250,740,61],
Rcaron => [-1,24,575,1,250,790,11],
Gcommaaccent => [-1,22,572,6,0,830,221],
ucircumflex => [-1,-1,570,31,235,672,144],
acircumflex => [-1,35,535,30,235,672,144],
Amacron => [-1,-9,618,-9,250,708,93],
rcaron => [-1,47,533,20,250,667,134],
ccedilla => [-1,40,505,55,44,665,342],
Zdotaccent => [-1,62,477,61,250,761,40],
Thorn => [-1,48,509,43,250,562,239],
Omacron => [-1,22,556,22,232,726,93],
Racute => [-1,24,575,1,250,784,17],
Sacute => [-1,47,506,47,228,806,17],
dcaron => [-1,20,707,-127,235,641,175],
Umacron => [-1,4,592,4,232,726,93],
uring => [-1,-1,570,31,235,693,123],
threesuperior => [-1,138,295,167,472,394,185],
Ograve => [-1,22,556,22,232,802,17],
Agrave => [-1,-9,618,-9,250,784,17],
Abreve => [-1,-9,618,-9,250,784,17],
multiply => [-1,81,439,80,289,439,323],
uacute => [-1,-1,570,31,235,676,140],
Tcaron => [-1,21,558,21,250,790,11],
partialdiff => [-1,63,474,63,212,766,73],
ydieresis => [-1,-4,605,-1,108,780,163],
Nacute => [-1,8,602,-10,238,796,17],
icircumflex => [-1,73,450,77,250,657,144],
Ecircumflex => [-1,25,535,40,250,780,21],
adieresis => [-1,35,535,30,235,653,163],
edieresis => [-1,40,523,37,235,653,163],
cacute => [-1,40,505,55,235,676,140],
nacute => [-1,18,574,8,250,661,140],
umacron => [-1,-1,570,31,235,600,216],
Ncaron => [-1,8,602,-10,238,802,11],
Iacute => [-1,77,446,77,250,784,17],
plusminus => [-1,71,458,71,274,491,286],
brokenbar => [-1,255,90,255,75,850,126],
registered => [-1,0,600,0,232,598,221],
Gbreve => [-1,22,572,6,232,802,17],
Idotaccent => [-1,77,446,77,250,761,40],
summation => [-1,15,571,14,240,716,95],
Egrave => [-1,25,535,40,250,784,17],
racute => [-1,47,533,20,250,661,140],
omacron => [-1,30,540,30,235,600,216],
Zacute => [-1,62,477,61,250,784,17],
Zcaron => [-1,62,477,61,250,790,11],
greaterequal => [-1,26,497,77,250,696,105],
Eth => [-1,30,564,6,250,562,239],
Ccedilla => [-1,22,538,40,44,786,221],
lcommaaccent => [-1,77,446,77,0,876,175],
tcaron => [-1,47,485,68,235,718,98],
eogonek => [-1,40,523,37,51,653,347],
Uogonek => [-1,4,592,4,51,761,239],
Aacute => [-1,-9,618,-9,250,784,17],
Adieresis => [-1,-9,618,-9,250,761,40],
egrave => [-1,40,523,37,235,676,140],
zacute => [-1,81,439,80,250,661,140],
iogonek => [-1,77,446,77,51,857,143],
Oacute => [-1,22,556,22,232,802,17],
oacute => [-1,30,540,30,235,676,140],
amacron => [-1,35,535,30,235,600,216],
sacute => [-1,68,467,65,233,678,140],
idieresis => [-1,77,446,77,250,618,183],
Ocircumflex => [-1,22,556,22,232,798,21],
Ugrave => [-1,4,592,4,232,802,17],
Delta => [-1,6,588,6,250,688,113],
thorn => [-1,-14,584,30,108,768,175],
twosuperior => [-1,143,293,164,480,386,185],
Odieresis => [-1,22,556,22,232,779,40],
mu => [-1,-1,570,31,108,581,362],
igrave => [-1,77,446,77,250,661,140],
ohungarumlaut => [-1,30,638,-68,235,676,140],
Eogonek => [-1,25,551,24,51,761,239],
dcroat => [-1,20,571,9,235,641,175],
threequarters => [-1,-47,695,-48,190,721,140],
Scedilla => [-1,47,506,47,44,788,219],
lcaron => [-1,77,520,3,250,626,175],
Kcommaaccent => [-1,21,578,1,0,812,239],
Lacute => [-1,39,539,22,250,784,17],
trademark => [-1,-9,758,-149,480,332,239],
edotaccent => [-1,40,523,37,235,653,163],
Igrave => [-1,77,446,77,250,784,17],
Imacron => [-1,77,446,77,250,708,93],
Lcaron => [-1,39,598,-37,250,562,239],
onehalf => [-1,-47,695,-48,190,721,140],
lessequal => [-1,26,497,77,250,696,105],
ocircumflex => [-1,30,540,30,235,672,144],
ntilde => [-1,18,574,8,250,636,165],
Uhungarumlaut => [-1,4,634,-38,232,802,17],
Eacute => [-1,25,535,40,250,784,17],
emacron => [-1,40,523,37,235,600,216],
gbreve => [-1,30,550,20,104,807,140],
onequarter => [-1,-56,712,-56,190,721,140],
Scaron => [-1,47,506,47,228,812,11],
Scommaaccent => [-1,47,506,47,0,832,219],
Ohungarumlaut => [-1,22,606,-28,232,802,17],
degree => [-1,86,388,126,493,373,185],
ograve => [-1,30,540,30,235,676,140],
Ccaron => [-1,22,538,40,232,808,11],
ugrave => [-1,-1,570,31,235,676,140],
radical => [-1,-19,492,127,146,882,23],
Dcaron => [-1,30,564,6,250,790,11],
rcommaaccent => [-1,47,533,20,0,704,347],
Ntilde => [-1,8,602,-10,238,771,42],
otilde => [-1,30,540,30,235,651,165],
Rcommaaccent => [-1,24,575,1,0,812,239],
Lcommaaccent => [-1,39,539,22,0,812,239],
Atilde => [-1,-9,618,-9,250,759,42],
Aogonek => [-1,-9,634,-25,51,761,239],
Aring => [-1,-9,618,-9,250,801,0],
Otilde => [-1,22,556,22,232,777,42],
zdotaccent => [-1,81,439,80,250,638,163],
Ecaron => [-1,25,535,40,250,790,11],
Iogonek => [-1,77,446,77,51,761,239],
kcommaaccent => [-1,20,565,15,0,876,175],
minus => [-1,71,458,71,453,110,488],
Icircumflex => [-1,77,446,77,250,780,21],
ncaron => [-1,18,574,8,250,667,134],
tcommaaccent => [-1,47,485,68,0,812,239],
logicalnot => [-1,71,458,71,353,310,388],
odieresis => [-1,30,540,30,235,653,163],
udieresis => [-1,-1,570,31,235,653,163],
notequal => [-1,12,525,63,203,610,238],
gcommaaccent => [-1,30,550,20,104,860,87],
eth => [-1,58,485,57,223,653,175],
zcaron => [-1,81,439,80,250,667,134],
ncommaaccent => [-1,18,574,8,0,704,347],
onesuperior => [-1,153,294,153,480,386,185],
imacron => [-1,77,446,77,250,585,216],
Euro => [-1,0,0,600,250,0,801],
Ccircumflex => [-1,43,514,43,235,812,4],
ccircumflex => [-1,51,498,51,234,672,145],
Cdotaccent => [-1,43,514,43,235,735,81],
cdotaccent => [-1,51,498,51,234,595,222],
Ebreve => [-1,40,521,39,250,782,19],
ebreve => [-1,50,500,50,234,658,159],
Gcircumflex => [-1,29,542,29,235,812,4],
gcircumflex => [-1,29,542,29,52,854,145],
Gdotaccent => [-1,29,542,29,235,735,81],
gdotaccent => [-1,29,542,29,52,777,222],
Hcircumflex => [-1,30,540,30,250,797,4],
hcircumflex => [-1,24,552,24,250,837,-36],
Hbar => [-1,30,540,30,250,565,236],
hbar => [-1,24,552,24,250,662,139],
Itilde => [-1,90,420,90,250,733,68],
itilde => [-1,70,460,70,250,591,210],
Ibreve => [-1,90,420,90,250,782,19],
ibreve => [-1,70,460,70,250,642,159],
IJ => [-1,90,420,90,250,565,236],
ij => [-1,120,360,120,52,802,197],
Jcircumflex => [-1,28,544,28,235,812,4],
jcircumflex => [-1,120,360,120,52,970,29],
kgreenlandic => [-1,59,482,59,250,423,378],
Ldot => [-1,39,522,39,250,565,236],
ldot => [-1,63,474,63,250,604,197],
Obreve => [-1,30,541,29,235,797,19],
obreve => [-1,50,500,50,234,658,159],
Scircumflex => [-1,70,461,69,235,812,4],
scircumflex => [-1,80,440,80,234,672,145],
Tbar => [-1,50,500,50,250,565,236],
tbar => [-1,50,500,50,234,589,228],
Tcedilla => [-1,21,558,21,0,812,239],
tcedilla => [-1,47,485,68,0,812,239],
Utilde => [-1,18,564,18,235,748,68],
utilde => [-1,29,542,29,238,603,210],
Ubreve => [-1,18,564,18,235,797,19],
ubreve => [-1,29,542,29,238,654,159],
Wcircumflex => [-1,0,600,0,250,797,4],
wcircumflex => [-1,10,580,10,250,656,145],
Ycircumflex => [-1,30,540,30,250,797,4],
ycircumflex => [-1,30,540,30,52,854,145],
longs => [-1,60,480,60,250,604,197],
infinity => [-1,12,576,12,370,364,317],
'.notdef' => [-1,0,0,600,250,0,801]}});
