('Courier' => {
  name            => 'Courier',
  family          => 'Courier',
  height          => 1055,
  weight          => fw::Medium,
  style           => fs::Normal,
  pitch           => fp::Fixed,
  vector          => 1,
  ascent          => 805,
  descent         => 250,
  maximalWidth    => 1055,
  width           => 1055,
  internalLeading => 55,
  externalLeading => 18,
  firstChar       => 32,
  lastChar        => 251,
  breakChar       => 32,
  defaultChar     => 32,
  xDeviceRes      => 72.27,
  yDeviceRes      => 72.27,
  size            => 1000,
  encoding        => 'Latin1',
  chardata        => {
space => [32,0,0,600,250,0,805],
exclam => [33,236,128,236,235,587,233],
quotedbl => [34,187,226,187,578,234,243],
numbersign => [35,93,414,93,218,671,166],
dollar => [36,105,391,104,124,788,143],
percent => [37,81,437,82,235,637,183],
ampersand => [38,63,475,62,235,558,262],
quoteright => [39,213,163,224,578,234,243],
parenleft => [40,269,171,160,142,730,183],
parenright => [41,160,171,269,142,730,183],
asterisk => [42,116,368,116,507,350,198],
plus => [43,80,440,80,294,426,335],
comma => [44,181,163,256,138,234,683],
hyphen => [45,103,394,103,481,54,520],
period => [46,229,142,229,235,124,696],
slash => [47,125,350,125,170,709,176],
zero => [48,106,388,106,235,637,183],
one => [49,96,409,95,250,622,183],
two => [50,70,401,129,250,622,183],
three => [51,75,391,134,235,637,183],
four => [52,78,422,100,250,622,183],
five => [53,92,405,103,235,622,198],
six => [54,111,386,103,235,637,183],
seven => [55,82,401,117,250,607,198],
eight => [56,102,396,102,235,637,183],
nine => [57,96,393,111,235,637,183],
colon => [58,229,142,229,235,400,420],
semicolon => [59,181,190,229,138,497,420],
less => [60,41,478,81,292,430,333],
equal => [61,80,440,80,388,238,429],
greater => [62,66,478,56,292,430,333],
question => [63,129,363,108,235,587,233],
at => [64,77,456,67,235,637,183],
A => [65,3,594,3,250,562,243],
B => [66,43,516,41,250,562,243],
C => [67,41,499,60,232,598,225],
D => [68,43,531,26,250,562,243],
E => [69,53,497,50,250,562,243],
F => [70,53,492,55,250,562,243],
G => [71,31,544,25,232,598,225],
H => [72,32,536,32,250,562,243],
I => [73,96,408,96,250,562,243],
J => [74,34,532,34,232,580,243],
K => [75,38,544,18,250,562,243],
L => [76,47,507,46,250,562,243],
M => [77,4,592,4,250,562,243],
N => [78,7,586,7,237,575,243],
O => [79,43,514,43,232,598,225],
P => [80,79,479,42,250,562,243],
Q => [81,43,514,43,112,718,225],
R => [82,38,550,12,250,562,243],
S => [83,72,457,71,230,600,225],
T => [84,38,525,37,250,562,243],
U => [85,17,566,17,232,580,243],
V => [86,-4,608,-4,237,575,243],
W => [87,-3,606,-3,237,575,243],
X => [88,23,554,23,250,562,243],
Y => [89,24,552,24,250,562,243],
Z => [90,86,428,86,250,562,243],
bracketleft => [91,269,173,158,142,730,183],
backslash => [92,118,364,118,170,709,176],
bracketright => [93,158,173,269,142,730,183],
asciicircum => [94,94,412,94,604,268,183],
underscore => [95,0,600,0,125,50,880],
quoteleft => [96,224,163,213,578,234,243],
a => [97,53,506,41,235,456,364],
b => [98,14,561,25,235,644,176],
c => [99,66,463,71,235,456,364],
d => [100,45,546,9,235,644,176],
e => [101,66,482,52,235,456,364],
f => [102,114,417,69,250,629,176],
g => [103,45,521,34,93,598,364],
h => [104,18,564,18,250,629,176],
i => [105,95,410,95,250,657,148],
j => [106,82,328,190,93,814,148],
k => [107,43,537,20,250,629,176],
l => [108,95,410,95,250,629,176],
m => [109,-5,610,-5,250,441,364],
n => [110,26,549,25,250,441,364],
o => [111,62,476,62,235,456,364],
p => [112,9,546,45,93,598,364],
q => [113,45,546,9,93,598,364],
r => [114,60,499,41,250,441,364],
s => [115,80,433,87,235,456,364],
t => [116,87,443,70,235,576,244],
u => [117,21,541,38,235,441,379],
v => [118,10,580,10,240,436,379],
w => [119,-4,608,-4,240,436,379],
x => [120,20,560,20,250,426,379],
y => [121,7,585,8,93,583,379],
z => [122,99,403,98,250,426,379],
braceleft => [123,182,255,163,142,730,183],
bar => [124,275,51,274,0,1000,55],
braceright => [125,163,255,182,142,730,183],
asciitilde => [126,63,477,60,447,123,485],
exclamdown => [161,236,128,236,93,587,375],
cent => [162,96,404,100,201,663,191],
sterling => [163,84,437,79,229,632,194],
fraction => [164,92,417,91,193,722,140],
yen => [165,26,548,26,250,562,243],
florin => [166,4,535,61,107,765,183],
section => [167,113,375,112,172,658,225],
currency => [168,73,454,73,308,448,299],
quotesingle => [169,259,82,259,578,234,243],
quotedblleft => [170,143,328,129,578,234,243],
guillemotleft => [171,37,526,37,320,376,359],
guilsinglleft => [172,149,302,149,320,376,359],
guilsinglright => [173,149,302,149,320,376,359],
fi => [174,3,594,3,250,629,176],
fl => [175,3,594,3,250,629,176],
endash => [177,75,450,75,481,54,520],
dagger => [178,141,318,141,172,658,225],
daggerdbl => [179,141,318,141,172,658,225],
periodcentered => [180,222,156,222,439,138,478],
paragraph => [182,50,461,89,172,640,243],
bullet => [183,172,256,172,380,253,422],
quotesinglbase => [184,213,163,224,116,234,705],
quotedblbase => [185,143,314,143,116,234,705],
quotedblright => [186,143,314,143,578,234,243],
guillemotright => [187,37,526,37,320,376,359],
ellipsis => [188,37,526,37,235,126,694],
perthousand => [189,3,597,0,235,637,183],
questiondown => [191,108,363,129,93,587,375],
grave => [193,151,227,222,747,175,133],
acute => [194,242,227,131,747,175,133],
circumflex => [195,124,352,124,727,177,151],
tilde => [196,105,398,97,739,117,199],
macron => [197,120,360,120,775,40,240],
breve => [198,153,294,153,751,108,196],
dotaccent => [199,249,103,248,787,103,165],
dieresis => [200,148,305,147,787,103,165],
ring => [202,218,164,218,713,164,178],
cedilla => [203,224,138,238,99,161,795],
hungarumlaut => [205,133,407,60,747,175,133],
ogonek => [206,211,196,193,78,176,801],
caron => [207,124,352,124,742,177,136],
emdash => [208,0,600,0,481,54,520],
AE => [225,3,547,50,250,562,243],
ordfeminine => [227,156,286,158,499,331,225],
Lslash => [232,47,507,46,250,562,243],
Oslash => [233,43,514,43,170,709,176],
OE => [234,7,560,33,250,562,243],
ordmasculine => [235,157,286,157,499,331,225],
ae => [241,19,551,30,235,456,364],
dotlessi => [245,95,410,95,250,426,379],
lslash => [248,95,410,95,250,629,176],
oslash => [249,62,476,62,170,586,299],
oe => [250,19,540,41,235,456,364],
germandbls => [251,48,540,12,235,644,176],
Idieresis => [-1,96,408,96,250,753,52],
eacute => [-1,66,482,52,235,687,133],
abreve => [-1,53,506,41,235,624,196],
uhungarumlaut => [-1,21,559,20,235,687,133],
ecaron => [-1,66,482,52,235,684,136],
Ydieresis => [-1,24,552,24,250,753,52],
divide => [-1,87,426,87,298,419,338],
Yacute => [-1,24,552,24,250,805,0],
Acircumflex => [-1,3,594,3,250,787,18],
aacute => [-1,53,506,41,235,687,133],
Ucircumflex => [-1,17,566,17,232,805,18],
yacute => [-1,7,585,8,93,829,133],
scommaaccent => [-1,80,433,87,0,691,364],
ecircumflex => [-1,66,482,52,235,669,151],
Uring => [-1,17,566,17,232,778,45],
Udieresis => [-1,17,566,17,232,771,52],
aogonek => [-1,53,534,13,78,613,364],
Uacute => [-1,17,566,17,232,823,0],
uogonek => [-1,21,569,10,78,598,379],
Edieresis => [-1,53,497,50,250,753,52],
Dcroat => [-1,30,544,26,250,562,243],
commaaccent => [-1,198,137,265,0,192,863],
copyright => [-1,0,600,0,232,598,225],
Emacron => [-1,53,497,50,250,698,107],
ccaron => [-1,66,463,71,235,684,136],
aring => [-1,53,506,41,235,642,178],
Ncommaaccent => [-1,7,586,7,0,812,243],
lacute => [-1,95,410,95,250,805,0],
agrave => [-1,53,506,41,235,687,133],
Tcommaaccent => [-1,38,525,37,0,812,243],
Cacute => [-1,41,499,60,232,823,0],
atilde => [-1,53,506,41,235,621,199],
Edotaccent => [-1,53,497,50,250,753,52],
scaron => [-1,80,433,87,235,684,136],
scedilla => [-1,80,433,87,99,592,364],
iacute => [-1,95,410,95,250,672,133],
lozenge => [-1,18,425,157,250,706,99],
Rcaron => [-1,38,550,12,250,802,3],
Gcommaaccent => [-1,31,544,25,0,830,225],
ucircumflex => [-1,21,541,38,235,669,151],
acircumflex => [-1,53,506,41,235,669,151],
Amacron => [-1,3,594,3,250,698,107],
rcaron => [-1,60,499,41,250,669,136],
ccedilla => [-1,66,463,71,99,592,364],
Zdotaccent => [-1,86,428,86,250,753,52],
Thorn => [-1,79,459,62,250,562,243],
Omacron => [-1,43,514,43,232,716,107],
Racute => [-1,38,550,12,250,805,0],
Sacute => [-1,72,457,71,230,825,0],
dcaron => [-1,45,670,-115,235,644,176],
Umacron => [-1,17,566,17,232,716,107],
uring => [-1,21,541,38,235,642,178],
threesuperior => [-1,155,251,194,490,382,183],
Ograve => [-1,43,514,43,232,823,0],
Agrave => [-1,3,594,3,250,805,0],
Abreve => [-1,3,594,3,250,732,73],
multiply => [-1,87,428,85,293,427,335],
uacute => [-1,21,541,38,235,687,133],
Tcaron => [-1,38,525,37,250,802,3],
partialdiff => [-1,17,442,141,212,748,95],
ydieresis => [-1,7,585,8,93,777,185],
Nacute => [-1,7,586,7,237,818,0],
icircumflex => [-1,94,411,95,250,654,151],
Ecircumflex => [-1,53,497,50,250,787,18],
adieresis => [-1,53,506,41,235,635,185],
edieresis => [-1,66,482,52,235,635,185],
cacute => [-1,66,463,71,235,687,133],
nacute => [-1,26,549,25,250,672,133],
umacron => [-1,21,541,38,235,580,240],
Ncaron => [-1,7,586,7,237,815,3],
Iacute => [-1,96,408,96,250,805,0],
plusminus => [-1,87,426,87,294,514,247],
brokenbar => [-1,275,51,274,75,850,130],
registered => [-1,0,600,0,232,598,225],
Gbreve => [-1,31,544,25,232,750,73],
Idotaccent => [-1,96,408,96,250,753,52],
summation => [-1,15,570,15,240,716,99],
Egrave => [-1,53,497,50,250,805,0],
racute => [-1,60,499,41,250,672,133],
omacron => [-1,62,476,62,235,580,240],
Zacute => [-1,86,428,86,250,805,0],
Zcaron => [-1,86,428,86,250,802,3],
greaterequal => [-1,98,404,98,250,710,95],
Eth => [-1,30,544,26,250,562,243],
Ccedilla => [-1,41,499,60,99,731,225],
lcommaaccent => [-1,95,410,95,0,879,176],
tcaron => [-1,87,443,70,235,732,88],
eogonek => [-1,66,482,52,78,613,364],
Uogonek => [-1,17,566,17,78,734,243],
Aacute => [-1,3,594,3,250,805,0],
Adieresis => [-1,3,594,3,250,753,52],
egrave => [-1,66,482,52,235,687,133],
zacute => [-1,99,403,98,250,672,133],
iogonek => [-1,95,410,95,78,829,148],
Oacute => [-1,43,514,43,232,823,0],
oacute => [-1,62,476,62,235,687,133],
amacron => [-1,53,506,41,235,580,240],
sacute => [-1,80,433,87,235,687,133],
idieresis => [-1,95,410,95,250,620,185],
Ocircumflex => [-1,43,514,43,232,805,18],
Ugrave => [-1,17,566,17,232,823,0],
Delta => [-1,6,592,2,250,688,117],
thorn => [-1,-6,561,45,93,786,176],
twosuperior => [-1,177,247,176,499,373,183],
Odieresis => [-1,43,514,43,232,771,52],
mu => [-1,21,541,38,93,583,379],
igrave => [-1,95,410,95,250,672,133],
ohungarumlaut => [-1,62,518,20,235,687,133],
Eogonek => [-1,53,508,39,78,734,243],
dcroat => [-1,45,546,9,235,644,176],
threequarters => [-1,8,585,7,194,722,139],
Scedilla => [-1,72,457,71,99,731,225],
lcaron => [-1,95,438,67,250,629,176],
Kcommaaccent => [-1,38,544,18,0,812,243],
Lacute => [-1,47,507,46,250,805,0],
trademark => [-1,-23,646,-23,513,299,243],
edotaccent => [-1,66,482,52,235,635,185],
Igrave => [-1,96,408,96,250,805,0],
Imacron => [-1,96,408,96,250,698,107],
Lcaron => [-1,47,507,46,250,562,243],
onehalf => [-1,0,611,-11,193,722,140],
lessequal => [-1,98,404,98,250,710,95],
ocircumflex => [-1,62,476,62,235,669,151],
ntilde => [-1,26,549,25,250,606,199],
Uhungarumlaut => [-1,17,573,10,232,823,0],
Eacute => [-1,53,497,50,250,805,0],
emacron => [-1,66,482,52,235,580,240],
gbreve => [-1,45,521,34,93,766,196],
onequarter => [-1,0,600,0,193,722,140],
Scaron => [-1,72,457,71,230,822,3],
Scommaaccent => [-1,72,457,71,0,830,225],
Ohungarumlaut => [-1,43,537,20,232,823,0],
degree => [-1,123,354,123,519,353,183],
ograve => [-1,62,476,62,235,687,133],
Ccaron => [-1,41,499,60,232,820,3],
ugrave => [-1,21,541,38,235,687,133],
radical => [-1,3,594,3,235,807,13],
Dcaron => [-1,43,531,26,250,802,3],
rcommaaccent => [-1,60,499,41,0,691,364],
Ntilde => [-1,7,586,7,237,742,76],
otilde => [-1,62,476,62,235,621,199],
Rcommaaccent => [-1,38,550,12,0,812,243],
Lcommaaccent => [-1,47,507,46,0,812,243],
Atilde => [-1,3,594,3,250,729,76],
Aogonek => [-1,3,605,-8,78,734,243],
Aring => [-1,3,594,3,250,750,55],
Otilde => [-1,43,514,43,232,747,76],
zdotaccent => [-1,99,403,98,250,620,185],
Ecaron => [-1,53,497,50,250,802,3],
Iogonek => [-1,96,408,96,78,734,243],
kcommaaccent => [-1,43,537,20,0,879,176],
minus => [-1,80,440,80,482,51,522],
Icircumflex => [-1,96,408,96,250,787,18],
ncaron => [-1,26,549,25,250,669,136],
tcommaaccent => [-1,87,443,70,0,811,244],
logicalnot => [-1,87,426,87,358,261,436],
odieresis => [-1,62,476,62,235,635,185],
udieresis => [-1,21,541,38,235,635,185],
notequal => [-1,15,525,60,234,545,276],
gcommaaccent => [-1,45,521,34,93,865,97],
eth => [-1,62,476,62,235,644,176],
zcaron => [-1,99,403,98,250,669,136],
ncommaaccent => [-1,26,549,25,0,691,364],
onesuperior => [-1,172,256,172,499,373,183],
imacron => [-1,95,410,95,250,565,240],
Euro => [-1,0,0,600,250,0,805],
Ccircumflex => [-1,64,472,64,234,796,25],
ccircumflex => [-1,74,452,74,234,650,171],
Cdotaccent => [-1,64,472,64,234,736,85],
cdotaccent => [-1,74,452,74,234,590,231],
Ebreve => [-1,62,477,61,250,759,46],
ebreve => [-1,72,456,72,234,629,192],
Gcircumflex => [-1,50,500,50,234,796,25],
gcircumflex => [-1,50,499,51,64,820,171],
Gdotaccent => [-1,50,500,50,234,736,85],
gdotaccent => [-1,50,499,51,64,760,231],
Hcircumflex => [-1,50,500,50,250,780,25],
hcircumflex => [-1,46,508,46,250,821,-16],
Hbar => [-1,52,496,52,250,563,242],
hbar => [-1,46,508,46,250,604,201],
Itilde => [-1,114,372,114,250,715,90],
itilde => [-1,92,416,92,250,567,238],
Ibreve => [-1,114,372,114,250,759,46],
ibreve => [-1,92,416,92,250,613,192],
IJ => [-1,30,540,30,234,579,242],
ij => [-1,120,360,120,64,810,181],
Jcircumflex => [-1,50,500,50,234,796,25],
jcircumflex => [-1,144,313,143,64,911,80],
kgreenlandic => [-1,70,460,70,250,418,387],
Ldot => [-1,70,460,70,250,563,242],
ldot => [-1,80,441,79,250,604,201],
napostrophe => [-1,56,488,56,250,431,374],
Eng => [-1,30,540,30,64,749,242],
eng => [-1,56,429,115,64,617,374],
Obreve => [-1,50,499,51,234,775,46],
obreve => [-1,8,584,8,125,688,242],
Scircumflex => [-1,92,416,92,234,796,25],
scircumflex => [-1,104,392,104,234,650,171],
Tbar => [-1,72,455,73,250,563,242],
tbar => [-1,72,456,72,234,579,242],
Tcedilla => [-1,38,525,37,0,812,243],
tcedilla => [-1,87,443,70,0,811,244],
Utilde => [-1,40,520,40,234,731,90],
utilde => [-1,50,500,50,234,583,238],
Ubreve => [-1,40,520,40,234,775,46],
ubreve => [-1,50,500,50,234,629,192],
Wcircumflex => [-1,14,572,14,250,780,25],
wcircumflex => [-1,30,541,29,250,634,171],
Ycircumflex => [-1,40,519,41,250,780,25],
ycircumflex => [-1,50,500,50,64,820,171],
longs => [-1,82,436,82,250,604,201],
infinity => [-1,34,532,34,442,240,373],
'.notdef' => [-1,0,0,600,250,0,805]}});
