('Helvetica-BoldOblique' => {
  name            => 'Helvetica-BoldOblique',
  family          => 'Helvetica',
  height          => 1190,
  weight          => fw::Bold,
  style           => fs::Bold|fs::Italic,
  pitch           => fp::Variable,
  vector          => 1,
  ascent          => 962,
  descent         => 228,
  maximalWidth    => 1190,
  width           => 1190,
  internalLeading => 190,
  externalLeading => 63,
  firstChar       => 32,
  lastChar        => 251,
  breakChar       => 32,
  defaultChar     => 32,
  xDeviceRes      => 72.27,
  yDeviceRes      => 72.27,
  size            => 1000,
  encoding        => 'Latin1',
  chardata        => {
space => [32,0,0,278,228,0,962],
exclam => [33,94,303,-64,228,718,244],
quotedbl => [34,193,336,-55,675,271,244],
numbersign => [35,60,584,-88,228,698,264],
dollar => [36,67,555,-66,113,890,187],
percent => [37,136,765,-12,209,729,252],
ampersand => [38,89,643,-10,209,737,244],
quoteright => [39,167,195,-84,673,273,244],
parenleft => [40,76,394,-137,20,942,228],
parenright => [41,-25,394,-36,20,942,228],
asterisk => [42,146,335,-92,615,331,244],
plus => [43,82,528,-26,228,506,456],
comma => [44,28,217,33,60,314,816],
hyphen => [45,73,306,-46,443,130,617],
period => [46,64,181,33,228,146,816],
slash => [47,-37,505,-190,209,756,225],
zero => [48,86,531,-61,209,729,252],
one => [49,173,356,27,228,710,252],
two => [50,26,593,-63,228,710,252],
three => [51,65,543,-52,209,729,252],
four => [52,60,538,-42,228,710,252],
five => [53,64,572,-80,209,717,264],
six => [54,85,534,-63,209,729,252],
seven => [55,125,551,-120,228,698,264],
eight => [56,69,547,-60,209,729,252],
nine => [57,78,537,-59,209,729,252],
colon => [58,92,259,-18,228,512,450],
semicolon => [59,56,295,-18,60,680,450],
less => [60,82,573,-71,220,522,448],
equal => [61,58,575,-49,315,332,543],
greater => [62,36,573,-25,220,522,448],
question => [63,165,506,-60,228,727,235],
at => [64,186,768,21,209,756,225],
A => [65,20,682,20,228,718,244],
B => [66,76,688,-42,228,718,244],
C => [67,107,682,-67,209,756,225],
D => [68,76,701,-55,228,718,244],
E => [69,76,681,-90,228,718,244],
F => [70,76,664,-129,228,718,244],
G => [71,108,709,-39,209,756,225],
H => [72,71,733,-82,228,718,244],
I => [73,64,303,-89,228,718,244],
J => [74,60,577,-81,210,736,244],
K => [75,87,771,-136,228,718,244],
L => [76,76,535,0,228,718,244],
M => [77,69,849,-85,228,718,244],
N => [78,69,738,-85,228,718,244],
O => [79,107,716,-45,209,756,225],
P => [80,76,662,-71,228,718,244],
Q => [81,107,716,-45,176,789,225],
R => [82,76,702,-56,228,718,244],
S => [83,81,637,-51,209,756,225],
T => [84,140,611,-140,228,718,244],
U => [85,116,688,-82,209,737,244],
V => [86,172,629,-134,228,718,244],
W => [87,169,913,-138,228,718,244],
X => [88,14,777,-124,228,718,244],
Y => [89,168,638,-139,228,718,244],
Z => [90,25,712,-126,228,718,244],
bracketleft => [91,21,441,-129,32,918,240],
backslash => [92,124,183,-29,209,756,225],
bracketright => [93,-18,441,-90,32,918,240],
asciicircum => [94,131,460,-7,551,375,264],
underscore => [95,-27,567,16,103,50,1037],
quoteleft => [96,165,196,-83,682,273,235],
a => [97,55,528,-27,214,560,416],
b => [98,61,584,-34,214,732,244],
c => [99,79,520,-43,214,560,416],
d => [100,82,622,-93,214,732,244],
e => [101,70,523,-37,214,560,416],
f => [102,87,382,-136,228,727,235],
g => [103,38,628,-55,11,763,416],
h => [104,65,564,-18,228,718,244],
i => [105,69,294,-85,228,725,237],
j => [106,-42,405,-85,14,939,237],
k => [107,69,601,-114,228,718,244],
l => [108,69,293,-84,228,718,244],
m => [109,64,845,-20,228,546,416],
n => [110,65,564,-18,228,546,416],
o => [111,82,561,-32,214,560,416],
p => [112,18,627,-34,21,753,416],
q => [113,80,585,-54,21,753,416],
r => [114,64,425,-100,228,546,416],
s => [115,63,521,-28,214,560,416],
t => [116,100,322,-89,222,682,286],
u => [117,98,560,-47,214,546,430],
v => [118,126,530,-100,228,532,430],
w => [119,123,759,-104,228,532,430],
x => [120,15,633,-92,228,532,430],
y => [121,42,610,-96,14,746,430],
z => [122,20,563,-83,228,532,430],
braceleft => [123,94,424,-129,32,918,240],
bar => [124,36,325,-81,3,1000,187],
braceright => [125,-18,425,-18,32,918,240],
asciitilde => [126,115,462,7,391,180,619],
exclamdown => [161,50,303,-20,42,718,430],
cent => [162,79,520,-43,110,746,334],
sterling => [163,50,585,-79,212,734,244],
fraction => [164,-174,661,-320,209,729,252],
yen => [165,60,653,-157,228,698,264],
florin => [166,-50,719,-113,18,947,225],
section => [167,61,537,-42,44,911,235],
currency => [168,27,653,-124,304,560,326],
quotesingle => [169,165,156,-83,675,271,244],
quotedblleft => [170,160,428,-88,682,273,235],
guillemotleft => [171,135,436,-15,304,408,478],
guilsinglleft => [172,130,223,-20,304,408,478],
guilsinglright => [173,99,223,11,304,408,478],
fi => [174,87,609,-85,228,727,235],
fl => [175,87,608,-84,228,727,235],
endash => [177,48,579,-71,455,106,629],
dagger => [178,118,508,-70,57,889,244],
daggerdbl => [179,46,582,-72,57,889,244],
periodcentered => [180,110,166,2,400,162,628],
paragraph => [182,98,590,-132,37,891,262],
bullet => [183,83,337,-70,422,330,438],
quotesinglbase => [184,41,195,42,82,273,835],
quotedblbase => [185,36,427,37,82,273,835],
quotedblright => [186,162,427,-89,673,273,244],
guillemotright => [187,104,436,16,304,408,478],
ellipsis => [188,92,847,61,228,146,816],
perthousand => [189,76,962,-38,209,729,252],
questiondown => [191,53,506,52,33,727,430],
grave => [193,136,217,-20,832,146,212],
acute => [194,236,279,-182,832,146,212],
circumflex => [195,118,353,-138,832,146,212],
tilde => [196,113,394,-174,838,127,225],
macron => [197,122,361,-150,832,74,284],
breve => [198,156,338,-161,832,146,212],
dotaccent => [199,235,150,-52,842,115,233],
dieresis => [200,137,345,-149,842,115,233],
ring => [202,200,220,-87,796,208,186],
cedilla => [203,-37,257,113,0,228,962],
hungarumlaut => [205,137,508,-312,832,146,212],
ogonek => [206,41,223,69,0,228,962],
caron => [207,149,353,-169,832,146,212],
emdash => [208,48,1023,-71,455,106,629],
AE => [225,5,1095,-100,228,718,244],
ordfeminine => [227,125,340,-95,629,336,225],
Lslash => [232,34,577,0,228,718,244],
Oslash => [233,35,859,-116,201,772,217],
OE => [234,99,1015,-114,209,756,225],
ordmasculine => [235,123,362,-120,629,336,225],
ae => [241,56,867,-34,214,560,416],
dotlessi => [245,69,253,-44,228,532,430],
lslash => [248,40,367,-129,228,718,244],
oslash => [249,22,679,-90,199,589,402],
oe => [250,82,895,-33,214,560,416],
germandbls => [251,69,588,-46,214,745,231],
Idieresis => [-1,64,430,-216,228,915,47],
eacute => [-1,70,557,-71,214,764,212],
abreve => [-1,55,551,-50,214,764,212],
uhungarumlaut => [-1,98,686,-173,214,764,212],
ecaron => [-1,70,544,-58,214,764,212],
Ydieresis => [-1,168,638,-139,228,915,47],
divide => [-1,82,528,-26,186,590,414],
Yacute => [-1,168,638,-139,228,936,26],
Acircumflex => [-1,20,686,16,228,936,26],
aacute => [-1,55,572,-71,214,764,212],
Ucircumflex => [-1,116,688,-82,209,955,26],
yacute => [-1,42,610,-96,14,964,212],
scommaaccent => [-1,63,521,-28,0,774,416],
ecircumflex => [-1,70,523,-37,214,764,212],
Uring => [-1,116,688,-82,209,981,0],
Udieresis => [-1,116,688,-82,209,934,47],
aogonek => [-1,55,528,-27,4,770,416],
Uacute => [-1,116,688,-82,209,955,26],
uogonek => [-1,98,560,-47,0,760,430],
Edieresis => [-1,76,681,-90,228,915,47],
Dcroat => [-1,62,715,-55,228,718,244],
commaaccent => [-1,16,172,62,0,178,1012],
copyright => [-1,56,779,-98,209,756,225],
Emacron => [-1,76,681,-90,228,864,98],
ccaron => [-1,79,535,-58,214,764,212],
aring => [-1,55,528,-27,214,790,186],
Ncommaaccent => [-1,69,738,-85,0,946,244],
lacute => [-1,69,459,-250,228,936,26],
agrave => [-1,55,528,-27,214,764,212],
Tcommaaccent => [-1,140,611,-140,0,946,244],
Cacute => [-1,107,682,-67,209,955,26],
atilde => [-1,55,564,-63,214,751,225],
Edotaccent => [-1,76,681,-90,228,915,47],
scaron => [-1,63,551,-58,214,764,212],
scedilla => [-1,63,521,-28,0,774,416],
iacute => [-1,69,419,-210,228,750,212],
lozenge => [-1,90,474,-70,228,745,217],
Rcaron => [-1,76,702,-56,228,936,26],
Gcommaaccent => [-1,108,709,-39,0,965,225],
ucircumflex => [-1,98,560,-47,214,764,212],
acircumflex => [-1,55,528,-27,214,764,212],
Amacron => [-1,20,698,4,228,864,98],
rcaron => [-1,64,466,-141,228,750,212],
ccedilla => [-1,79,520,-43,0,774,416],
Zdotaccent => [-1,25,712,-126,228,915,47],
Thorn => [-1,76,640,-49,228,718,244],
Omacron => [-1,107,716,-45,209,883,98],
Racute => [-1,76,702,-56,228,936,26],
Sacute => [-1,81,641,-55,209,955,26],
dcaron => [-1,82,821,-160,214,732,244],
Umacron => [-1,116,688,-82,209,883,98],
uring => [-1,98,560,-47,214,790,186],
threesuperior => [-1,91,350,-108,499,439,252],
Ograve => [-1,107,716,-45,209,955,26],
Agrave => [-1,20,682,20,228,936,26],
Abreve => [-1,20,709,-7,228,936,26],
multiply => [-1,57,578,-51,229,504,457],
uacute => [-1,98,560,-47,214,764,212],
Tcaron => [-1,140,611,-140,228,936,26],
partialdiff => [-1,43,542,-91,207,771,212],
ydieresis => [-1,42,610,-96,14,943,233],
Nacute => [-1,69,738,-85,228,936,26],
icircumflex => [-1,69,375,-166,228,750,212],
Ecircumflex => [-1,76,681,-90,228,936,26],
adieresis => [-1,55,539,-38,214,743,233],
edieresis => [-1,70,524,-38,214,743,233],
cacute => [-1,79,548,-71,214,764,212],
nacute => [-1,65,589,-43,228,750,212],
umacron => [-1,98,560,-47,214,692,284],
Ncaron => [-1,69,738,-85,228,936,26],
Iacute => [-1,64,464,-250,228,936,26],
plusminus => [-1,40,585,-41,228,506,456],
brokenbar => [-1,52,293,-65,78,850,262],
registered => [-1,55,779,-97,209,756,225],
Gbreve => [-1,108,709,-39,209,955,26],
Idotaccent => [-1,64,333,-119,228,915,47],
summation => [-1,14,656,-70,218,716,256],
Egrave => [-1,76,681,-90,228,936,26],
racute => [-1,64,479,-154,228,750,212],
omacron => [-1,82,561,-32,214,692,284],
Zacute => [-1,25,712,-126,228,936,26],
Zcaron => [-1,25,712,-126,228,936,26],
greaterequal => [-1,26,603,-80,228,704,258],
Eth => [-1,62,715,-55,228,718,244],
Ccedilla => [-1,107,682,-67,0,965,225],
lcommaaccent => [-1,30,332,-84,0,946,244],
tcaron => [-1,100,508,-219,222,884,84],
eogonek => [-1,70,523,-37,0,774,416],
Uogonek => [-1,116,688,-82,0,946,244],
Aacute => [-1,20,730,-28,228,936,26],
Adieresis => [-1,20,696,6,228,915,47],
egrave => [-1,70,523,-37,214,764,212],
zacute => [-1,20,579,-99,228,750,212],
iogonek => [-1,-14,377,-85,4,949,237],
Oacute => [-1,107,716,-45,209,955,26],
oacute => [-1,82,572,-43,214,764,212],
amacron => [-1,55,540,-39,214,692,284],
sacute => [-1,63,564,-71,214,764,212],
idieresis => [-1,69,386,-177,228,729,233],
Ocircumflex => [-1,107,716,-45,209,955,26],
Ugrave => [-1,116,688,-82,209,955,26],
Delta => [-1,6,602,4,228,688,274],
thorn => [-1,18,627,-34,20,926,244],
twosuperior => [-1,69,380,-116,511,427,252],
Odieresis => [-1,107,716,-45,209,934,47],
mu => [-1,22,636,-47,21,739,430],
igrave => [-1,69,257,-48,228,750,212],
ohungarumlaut => [-1,82,702,-173,214,764,212],
Eogonek => [-1,76,681,-90,4,942,244],
dcroat => [-1,82,707,-178,214,732,244],
threequarters => [-1,99,740,-5,209,729,252],
Scedilla => [-1,81,637,-51,0,965,225],
lcaron => [-1,69,492,-161,228,718,244],
Kcommaaccent => [-1,87,771,-136,0,946,244],
Lacute => [-1,76,535,0,228,936,26],
trademark => [-1,179,930,-109,534,412,244],
edotaccent => [-1,70,523,-37,214,743,233],
Igrave => [-1,64,303,-89,228,936,26],
Imacron => [-1,64,432,-218,228,864,98],
Lcaron => [-1,76,567,-32,228,718,244],
onehalf => [-1,132,726,-24,209,729,252],
lessequal => [-1,29,647,-127,228,704,258],
ocircumflex => [-1,82,561,-32,214,764,212],
ntilde => [-1,65,581,-35,228,737,225],
Uhungarumlaut => [-1,116,764,-158,209,955,26],
Eacute => [-1,76,681,-90,228,936,26],
emacron => [-1,70,525,-39,214,692,284],
gbreve => [-1,38,628,-55,11,967,212],
onequarter => [-1,132,674,28,209,729,252],
Scaron => [-1,81,637,-51,209,955,26],
Scommaaccent => [-1,81,637,-51,0,965,225],
Ohungarumlaut => [-1,107,801,-130,209,955,26],
degree => [-1,175,292,-67,654,286,250],
ograve => [-1,82,561,-32,214,764,212],
Ccaron => [-1,107,682,-67,209,955,26],
ugrave => [-1,98,560,-47,214,764,212],
radical => [-1,112,577,-140,182,896,112],
Dcaron => [-1,76,701,-55,228,936,26],
rcommaaccent => [-1,26,463,-100,0,774,416],
Ntilde => [-1,69,738,-85,228,923,39],
otilde => [-1,82,564,-35,214,751,225],
Rcommaaccent => [-1,76,702,-56,0,946,244],
Lcommaaccent => [-1,76,535,0,0,946,244],
Atilde => [-1,20,721,-19,228,923,39],
Aogonek => [-1,20,682,20,4,942,244],
Aring => [-1,20,682,20,228,962,0],
Otilde => [-1,107,716,-45,209,942,39],
zdotaccent => [-1,20,563,-83,228,729,233],
Ecaron => [-1,76,681,-90,228,936,26],
Iogonek => [-1,-41,408,-89,0,946,244],
kcommaaccent => [-1,69,601,-114,0,946,244],
minus => [-1,82,528,-26,425,112,653],
Icircumflex => [-1,64,420,-206,228,936,26],
ncaron => [-1,65,576,-30,228,750,212],
tcommaaccent => [-1,58,364,-89,0,904,286],
logicalnot => [-1,105,528,-49,336,311,543],
odieresis => [-1,82,561,-32,214,743,233],
udieresis => [-1,98,560,-47,214,743,233],
notequal => [-1,32,598,-81,179,619,392],
gcommaaccent => [-1,38,628,-55,11,1067,112],
eth => [-1,82,588,-59,214,751,225],
zcaron => [-1,20,566,-86,228,750,212],
ncommaaccent => [-1,65,564,-18,0,774,416],
onesuperior => [-1,148,240,-55,511,427,252],
imacron => [-1,69,360,-151,228,678,284],
Euro => [-1,0,0,556,228,0,962],
Ccircumflex => [-1,107,686,-71,205,971,14],
ccircumflex => [-1,77,520,-41,205,779,206],
Cdotaccent => [-1,107,686,-71,205,944,41],
cdotaccent => [-1,77,520,-41,205,752,233],
Ebreve => [-1,79,683,-95,228,944,18],
ebreve => [-1,64,527,-35,205,775,210],
Gcircumflex => [-1,107,712,-41,205,971,14],
gcircumflex => [-1,26,630,-45,10,974,206],
Gdotaccent => [-1,107,712,-41,205,944,41],
gdotaccent => [-1,26,630,-45,10,947,233],
Hcircumflex => [-1,68,744,-90,228,948,14],
hcircumflex => [-1,67,566,-22,228,936,26],
Hbar => [-1,88,794,-120,228,729,233],
hbar => [-1,67,562,-18,228,729,233],
Itilde => [-1,63,450,-235,228,923,39],
itilde => [-1,67,405,-194,228,731,231],
Ibreve => [-1,63,406,-191,228,944,18],
ibreve => [-1,67,361,-150,228,752,210],
IJ => [-1,63,813,-94,205,752,233],
ij => [-1,67,508,-99,10,947,233],
Jcircumflex => [-1,59,682,-185,205,971,14],
jcircumflex => [-1,-43,485,-164,10,1080,100],
kgreenlandic => [-1,59,565,-95,228,540,422],
Ldot => [-1,80,526,5,228,729,233],
ldot => [-1,67,451,38,228,729,233],
napostrophe => [-1,63,566,-18,228,840,122],
Eng => [-1,68,748,-94,62,895,233],
eng => [-1,63,566,-18,96,681,413],
Obreve => [-1,106,722,-50,205,967,18],
obreve => [-1,82,552,-23,205,775,210],
Scircumflex => [-1,76,649,-58,205,971,14],
scircumflex => [-1,60,529,-33,205,779,206],
Tbar => [-1,142,611,-142,228,729,233],
tbar => [-1,66,348,-81,205,697,288],
Tcedilla => [-1,140,611,-140,0,946,244],
tcedilla => [-1,58,364,-89,0,904,286],
Utilde => [-1,119,690,-87,205,946,39],
utilde => [-1,88,568,-45,205,754,231],
Ubreve => [-1,119,690,-87,205,967,18],
ubreve => [-1,88,568,-45,205,775,210],
Wcircumflex => [-1,168,919,-143,228,948,14],
wcircumflex => [-1,120,761,-103,228,756,206],
Ycircumflex => [-1,182,623,-138,228,948,14],
ycircumflex => [-1,37,616,-97,9,975,206],
longs => [-1,90,374,-131,228,729,233],
infinity => [-1,92,848,-56,333,474,383],
'.notdef' => [-1,0,0,278,228,0,962]}});
