('Helvetica-Narrow' => {
  name            => 'Helvetica-Narrow',
  family          => 'Helvetica Narrow',
  height          => 1156,
  weight          => fw::Medium,
  style           => fs::Normal,
  pitch           => fp::Variable,
  vector          => 1,
  ascent          => 931,
  descent         => 225,
  maximalWidth    => 1156,
  width           => 1156,
  internalLeading => 156,
  externalLeading => 52,
  firstChar       => 32,
  lastChar        => 251,
  breakChar       => 32,
  defaultChar     => 32,
  xDeviceRes      => 72.27,
  yDeviceRes      => 72.27,
  size            => 1000,
  encoding        => 'Latin1',
  chardata        => {
space => [32,0,0,228,225,0,931],
exclam => [33,74,79,75,225,718,213],
quotedbl => [34,57,177,57,688,255,213],
numbersign => [35,23,411,22,225,688,243],
dollar => [36,26,400,30,110,890,156],
percent => [37,32,665,32,206,722,228],
ampersand => [38,36,493,18,210,733,213],
quoteright => [39,43,86,53,688,255,213],
parenleft => [40,56,189,28,18,940,198],
parenright => [41,28,189,56,18,940,198],
asterisk => [42,32,254,33,656,287,213],
plus => [43,32,415,32,225,505,426],
comma => [44,71,86,71,78,253,825],
hyphen => [45,36,201,36,457,90,609],
period => [46,71,86,71,225,106,825],
slash => [47,-14,256,-14,206,756,194],
zero => [48,30,396,30,206,722,228],
one => [49,83,211,162,225,703,228],
two => [50,21,395,40,225,703,228],
three => [51,28,400,28,206,722,228],
four => [52,21,408,27,225,703,228],
five => [53,26,395,35,206,707,243],
six => [54,31,394,31,206,722,228],
seven => [55,30,399,27,225,688,243],
eight => [56,31,393,32,206,722,228],
nine => [57,34,387,35,206,722,228],
colon => [58,71,86,71,225,516,415],
semicolon => [59,71,86,71,78,663,415],
less => [60,39,401,39,236,484,436],
equal => [61,32,415,32,340,275,541],
greater => [62,39,401,39,236,484,436],
question => [63,46,357,53,225,727,204],
at => [64,121,591,120,206,756,194],
A => [65,11,525,11,225,718,213],
B => [66,61,453,33,225,718,213],
C => [67,36,522,34,206,756,194],
D => [68,66,487,39,225,718,213],
E => [69,71,434,42,225,718,213],
F => [70,71,407,23,225,718,213],
G => [71,39,538,61,206,756,194],
H => [72,63,467,62,225,718,213],
I => [73,75,79,74,225,718,213],
J => [74,14,337,59,206,737,213],
K => [75,62,482,3,225,718,213],
L => [76,62,378,16,225,718,213],
M => [77,60,564,59,225,718,213],
N => [78,62,468,62,225,718,213],
O => [79,32,574,32,206,756,194],
P => [80,71,439,37,225,718,213],
Q => [81,32,574,32,169,793,194],
R => [82,72,489,31,225,718,213],
S => [83,40,468,39,206,756,194],
T => [84,11,479,11,225,718,213],
U => [85,65,463,64,206,737,213],
V => [86,16,515,16,225,718,213],
W => [87,13,748,13,225,718,213],
X => [88,16,515,16,225,718,213],
Y => [89,11,524,12,225,718,213],
Z => [90,19,463,19,225,718,213],
bracketleft => [91,52,153,23,29,918,209],
backslash => [92,-14,256,-14,206,756,194],
bracketright => [93,23,153,52,29,918,209],
asciicircum => [94,-11,407,-11,489,424,243],
underscore => [95,0,456,0,100,50,1006],
quoteleft => [96,53,86,43,695,255,206],
a => [97,30,405,21,210,553,393],
b => [98,48,376,32,210,733,213],
c => [99,25,366,19,210,553,393],
d => [100,29,380,47,210,733,213],
e => [101,33,390,33,210,553,393],
f => [102,11,204,13,225,728,203],
g => [103,33,376,47,5,758,393],
h => [104,53,350,53,225,718,213],
i => [105,55,72,55,225,718,213],
j => [106,-13,140,55,15,928,213],
k => [107,55,356,-1,225,718,213],
l => [108,55,72,55,225,718,213],
m => [109,53,578,52,225,538,393],
n => [110,53,350,53,225,538,393],
o => [111,29,398,29,211,552,393],
p => [112,48,376,32,18,745,393],
q => [113,29,376,51,18,745,393],
r => [114,63,209,1,225,538,393],
s => [115,26,354,30,210,553,393],
t => [116,11,200,17,218,676,262],
u => [117,56,345,55,210,538,408],
v => [118,7,396,7,225,523,408],
w => [119,11,570,11,225,523,408],
x => [120,9,393,8,225,523,408],
y => [121,9,392,9,11,737,408],
z => [122,25,360,25,225,523,408],
braceleft => [123,34,205,35,29,918,209],
bar => [124,77,60,76,0,1000,156],
braceright => [125,34,205,35,29,918,209],
asciitilde => [126,50,379,50,405,146,605],
exclamdown => [161,97,79,97,30,718,408],
cent => [162,42,379,35,110,738,308],
sterling => [163,27,415,14,209,734,213],
fraction => [164,-136,409,-136,206,722,228],
yen => [165,2,451,3,225,688,243],
florin => [166,-9,420,45,18,944,194],
section => [167,35,385,36,34,928,194],
currency => [168,23,410,23,324,504,328],
quotesingle => [169,48,60,49,688,255,213],
quotedblleft => [170,31,221,21,695,255,206],
guillemotleft => [171,80,296,80,333,338,485],
guilsinglleft => [172,72,129,72,333,338,485],
guilsinglright => [173,72,129,72,333,338,485],
fi => [174,11,345,54,225,728,203],
fl => [175,11,343,56,225,728,203],
endash => [177,0,456,0,465,73,618],
dagger => [178,35,386,35,66,877,213],
daggerdbl => [179,35,386,35,66,877,213],
periodcentered => [180,63,103,62,415,125,616],
paragraph => [182,15,393,32,52,891,213],
bullet => [183,15,258,14,427,315,414],
quotesinglbase => [184,43,86,53,76,255,825],
quotedblbase => [185,21,221,31,76,255,825],
quotedblright => [186,21,221,31,688,255,213],
guillemotright => [187,80,296,80,333,338,485],
ellipsis => [188,94,632,94,225,106,825],
perthousand => [189,6,809,5,206,722,228],
questiondown => [191,75,357,69,24,726,406],
grave => [193,11,162,100,818,141,197],
acute => [194,100,162,11,818,141,197],
circumflex => [195,17,239,17,818,141,197],
tilde => [196,-3,279,-3,831,116,209],
macron => [197,8,257,8,852,57,247],
breve => [198,11,252,10,820,136,200],
dotaccent => [199,99,75,99,829,102,225],
dieresis => [200,33,207,33,829,102,225],
ring => [202,62,150,61,797,184,175],
cedilla => [203,37,175,61,0,225,931],
hungarumlaut => [205,25,310,-62,818,141,197],
ogonek => [206,60,175,38,0,225,931],
caron => [207,17,239,17,818,141,197],
emdash => [208,0,820,0,465,73,618],
AE => [225,7,773,40,225,718,213],
ordfeminine => [227,20,264,19,630,332,194],
Lslash => [232,-16,456,16,225,718,213],
Oslash => [233,32,575,31,206,756,194],
OE => [234,30,761,29,206,756,194],
ordmasculine => [235,21,259,19,630,332,194],
ae => [241,30,665,34,210,553,393],
dotlessi => [245,78,72,78,225,523,408],
lslash => [248,-16,214,-16,225,718,213],
oslash => [249,23,417,61,203,567,386],
oe => [250,29,711,34,210,553,393],
germandbls => [251,55,413,33,210,743,203],
onesuperior => [-1,35,147,91,506,422,228],
minus => [-1,32,415,32,441,73,642],
degree => [-1,44,240,44,636,292,228],
oacute => [-1,29,398,29,211,748,197],
Odieresis => [-1,32,574,32,206,920,30],
odieresis => [-1,29,398,29,211,720,225],
Eacute => [-1,71,434,42,225,929,2],
ucircumflex => [-1,56,345,55,210,749,197],
onequarter => [-1,60,560,64,206,722,228],
logicalnot => [-1,32,415,32,333,282,541],
Ecircumflex => [-1,71,434,42,225,929,2],
onehalf => [-1,35,599,50,206,722,228],
Otilde => [-1,32,574,32,206,936,14],
uacute => [-1,56,345,55,210,749,197],
eacute => [-1,33,390,33,210,749,197],
iacute => [-1,78,161,-11,225,734,197],
Egrave => [-1,71,434,42,225,929,2],
icircumflex => [-1,-5,239,-6,225,734,197],
mu => [-1,56,345,55,18,730,408],
brokenbar => [-1,77,60,76,75,850,231],
thorn => [-1,48,376,32,18,925,213],
Aring => [-1,11,525,11,225,931,0],
yacute => [-1,9,392,9,11,948,197],
Ydieresis => [-1,11,524,12,225,901,30],
trademark => [-1,38,702,80,531,412,213],
registered => [-1,-11,628,-13,206,756,194],
ocircumflex => [-1,29,398,29,211,748,197],
Agrave => [-1,11,525,11,225,929,2],
Scaron => [-1,40,468,39,206,948,2],
Ugrave => [-1,65,463,64,206,948,2],
Edieresis => [-1,71,434,42,225,901,30],
Uacute => [-1,65,463,64,206,948,2],
otilde => [-1,29,398,29,211,736,209],
ntilde => [-1,53,350,53,225,722,209],
ydieresis => [-1,9,392,9,11,920,225],
Aacute => [-1,11,525,11,225,929,2],
eth => [-1,29,399,28,210,752,194],
acircumflex => [-1,30,405,21,210,749,197],
aring => [-1,30,405,21,210,771,175],
Ograve => [-1,32,574,32,206,948,2],
ccedilla => [-1,25,366,19,0,763,393],
multiply => [-1,32,415,32,225,506,425],
divide => [-1,32,415,32,206,543,407],
twosuperior => [-1,3,262,8,506,422,228],
Ntilde => [-1,62,468,62,225,917,14],
ugrave => [-1,56,345,55,210,749,197],
Ucircumflex => [-1,65,463,64,206,948,2],
Atilde => [-1,11,525,11,225,917,14],
zcaron => [-1,25,360,25,225,734,197],
idieresis => [-1,11,207,10,225,706,225],
Acircumflex => [-1,11,525,11,225,929,2],
Icircumflex => [-1,-5,239,-6,225,929,2],
Yacute => [-1,11,524,12,225,929,2],
Oacute => [-1,32,574,32,206,948,2],
Adieresis => [-1,11,525,11,225,901,30],
Zcaron => [-1,19,463,19,225,929,2],
agrave => [-1,30,405,21,210,749,197],
threesuperior => [-1,4,263,6,495,433,228],
ograve => [-1,29,398,29,211,748,197],
threequarters => [-1,37,627,20,206,722,228],
Eth => [-1,0,553,39,225,718,213],
plusminus => [-1,32,415,32,225,506,425],
udieresis => [-1,56,345,55,210,721,225],
edieresis => [-1,33,390,33,210,721,225],
aacute => [-1,30,405,21,210,749,197],
igrave => [-1,-11,162,77,225,734,197],
Idieresis => [-1,11,207,10,225,901,30],
adieresis => [-1,30,405,21,210,721,225],
Iacute => [-1,75,164,-11,225,929,2],
copyright => [-1,-11,628,-13,206,756,194],
Igrave => [-1,-11,165,74,225,929,2],
Ccedilla => [-1,36,522,34,0,962,194],
scaron => [-1,26,354,30,210,749,197],
egrave => [-1,33,390,33,210,749,197],
Ocircumflex => [-1,32,574,32,206,948,2],
Thorn => [-1,71,439,37,225,718,213],
atilde => [-1,30,405,21,210,737,209],
Udieresis => [-1,65,463,64,206,920,30],
ecircumflex => [-1,33,390,33,210,749,197],
'.notdef' => [-1,0,0,228,225,0,931]}});
