('Helvetica' => {
  name            => 'Helvetica',
  family          => 'Helvetica',
  height          => 1156,
  weight          => fw::Medium,
  style           => fs::Normal,
  pitch           => fp::Variable,
  vector          => 1,
  ascent          => 931,
  descent         => 225,
  maximalWidth    => 1156,
  width           => 1156,
  internalLeading => 156,
  externalLeading => 52,
  firstChar       => 32,
  lastChar        => 251,
  breakChar       => 32,
  defaultChar     => 32,
  xDeviceRes      => 72.27,
  yDeviceRes      => 72.27,
  size            => 1000,
  encoding        => 'Latin1',
  chardata        => {
space => [32,0,0,278,225,0,931],
exclam => [33,90,97,91,225,718,213],
quotedbl => [34,70,215,70,688,255,213],
numbersign => [35,28,501,27,225,688,243],
dollar => [36,32,488,36,110,890,156],
percent => [37,39,811,39,206,722,228],
ampersand => [38,44,601,22,210,733,213],
quoteright => [39,53,104,65,688,255,213],
parenleft => [40,68,231,34,18,940,198],
parenright => [41,34,231,68,18,940,198],
asterisk => [42,39,310,40,656,287,213],
plus => [43,39,506,39,225,505,426],
comma => [44,87,104,87,78,253,825],
hyphen => [45,44,245,44,457,90,609],
period => [46,87,104,87,225,106,825],
slash => [47,-17,312,-17,206,756,194],
zero => [48,37,482,37,206,722,228],
one => [49,101,258,197,225,703,228],
two => [50,26,481,49,225,703,228],
three => [51,34,488,34,206,722,228],
four => [52,25,498,33,225,703,228],
five => [53,32,482,42,206,707,243],
six => [54,38,480,38,206,722,228],
seven => [55,37,486,33,225,688,243],
eight => [56,38,479,39,206,722,228],
nine => [57,42,472,42,206,722,228],
colon => [58,87,104,87,225,516,415],
semicolon => [59,87,104,87,78,663,415],
less => [60,48,488,48,236,484,436],
equal => [61,39,506,39,340,275,541],
greater => [62,48,488,48,236,484,436],
question => [63,56,436,64,225,727,204],
at => [64,147,721,147,206,756,194],
A => [65,14,640,13,225,718,213],
B => [66,74,553,40,225,718,213],
C => [67,44,637,41,206,756,194],
D => [68,81,593,48,225,718,213],
E => [69,86,530,51,225,718,213],
F => [70,86,497,28,225,718,213],
G => [71,48,656,74,206,756,194],
H => [72,77,569,76,225,718,213],
I => [73,91,97,90,225,718,213],
J => [74,17,411,72,206,737,213],
K => [75,76,587,4,225,718,213],
L => [76,76,461,19,225,718,213],
M => [77,73,688,72,225,718,213],
N => [78,76,570,76,225,718,213],
O => [79,39,700,39,206,756,194],
P => [80,86,536,45,225,718,213],
Q => [81,39,700,39,169,793,194],
R => [82,88,596,38,225,718,213],
S => [83,49,571,47,206,756,194],
T => [84,14,583,14,225,718,213],
U => [85,79,565,78,206,737,213],
V => [86,20,627,20,225,718,213],
W => [87,16,912,16,225,718,213],
X => [88,19,629,19,225,718,213],
Y => [89,14,639,14,225,718,213],
Z => [90,23,565,23,225,718,213],
bracketleft => [91,63,187,28,29,918,209],
backslash => [92,-17,312,-17,206,756,194],
bracketright => [93,28,187,63,29,918,209],
asciicircum => [94,-14,497,-14,489,424,243],
underscore => [95,0,556,0,100,50,1006],
quoteleft => [96,65,104,53,695,255,206],
a => [97,36,494,26,210,553,393],
b => [98,58,459,39,210,733,213],
c => [99,30,447,23,210,553,393],
d => [100,35,464,57,210,733,213],
e => [101,40,476,40,210,553,393],
f => [102,14,248,16,225,728,203],
g => [103,40,459,57,5,758,393],
h => [104,65,426,65,225,718,213],
i => [105,67,88,67,225,718,213],
j => [106,-16,171,67,15,928,213],
k => [107,67,434,-1,225,718,213],
l => [108,67,88,67,225,718,213],
m => [109,65,704,64,225,538,393],
n => [110,65,426,65,225,538,393],
o => [111,35,486,35,211,552,393],
p => [112,58,459,39,18,745,393],
q => [113,35,459,62,18,745,393],
r => [114,77,255,1,225,538,393],
s => [115,32,432,36,210,553,393],
t => [116,14,243,21,218,676,262],
u => [117,68,421,67,210,538,408],
v => [118,8,484,8,225,523,408],
w => [119,14,695,13,225,523,408],
x => [120,11,479,10,225,523,408],
y => [121,11,478,11,11,737,408],
z => [122,31,438,31,225,523,408],
braceleft => [123,42,250,42,29,918,209],
bar => [124,94,73,93,0,1000,156],
braceright => [125,42,250,42,29,918,209],
asciitilde => [126,61,462,61,405,146,605],
exclamdown => [161,118,97,118,30,718,408],
cent => [162,51,462,43,110,738,308],
sterling => [163,33,506,17,209,734,213],
fraction => [164,-166,499,-166,206,722,228],
yen => [165,3,550,3,225,688,243],
florin => [166,-11,512,55,18,944,194],
section => [167,43,469,44,34,928,194],
currency => [168,28,500,28,324,504,328],
quotesingle => [169,59,73,59,688,255,213],
quotedblleft => [170,38,269,26,695,255,206],
guillemotleft => [171,97,362,97,333,338,485],
guilsinglleft => [172,88,157,88,333,338,485],
guilsinglright => [173,88,157,88,333,338,485],
fi => [174,14,420,66,225,728,203],
fl => [175,14,418,68,225,728,203],
endash => [177,0,556,0,465,73,618],
dagger => [178,43,471,42,66,877,213],
daggerdbl => [179,43,471,42,66,877,213],
periodcentered => [180,77,125,76,415,125,616],
paragraph => [182,18,479,40,52,891,213],
bullet => [183,18,315,17,427,315,414],
quotesinglbase => [184,53,104,65,76,255,825],
quotedblbase => [185,26,269,38,76,255,825],
quotedblright => [186,26,269,38,688,255,213],
guillemotright => [187,97,362,97,333,338,485],
ellipsis => [188,115,770,115,225,106,825],
perthousand => [189,7,987,6,206,722,228],
questiondown => [191,91,436,84,24,726,406],
grave => [193,14,197,122,818,141,197],
acute => [194,122,197,14,818,141,197],
circumflex => [195,21,291,21,818,141,197],
tilde => [196,-4,341,-4,831,116,209],
macron => [197,10,313,10,852,57,247],
breve => [198,13,308,12,820,136,200],
dotaccent => [199,121,91,121,829,102,225],
dieresis => [200,40,253,40,829,102,225],
ring => [202,75,184,74,797,184,175],
cedilla => [203,45,214,74,0,225,931],
hungarumlaut => [205,31,378,-76,818,141,197],
ogonek => [206,73,214,46,0,225,931],
caron => [207,21,291,21,818,141,197],
emdash => [208,0,1000,0,465,73,618],
AE => [225,8,943,49,225,718,213],
ordfeminine => [227,24,322,24,630,332,194],
Lslash => [232,-20,557,19,225,718,213],
Oslash => [233,39,701,38,206,756,194],
OE => [234,36,929,35,206,756,194],
ordmasculine => [235,25,316,24,630,332,194],
ae => [241,36,811,42,210,553,393],
dotlessi => [245,95,88,95,225,523,408],
lslash => [248,-20,262,-20,225,718,213],
oslash => [249,28,509,74,203,567,386],
oe => [250,35,867,42,210,553,393],
germandbls => [251,67,504,40,210,743,203],
Idieresis => [-1,13,253,12,225,901,30],
eacute => [-1,40,476,40,210,749,197],
abreve => [-1,36,494,26,210,746,200],
uhungarumlaut => [-1,68,453,35,210,749,197],
ecaron => [-1,40,476,40,210,749,197],
Ydieresis => [-1,14,639,14,225,901,30],
divide => [-1,39,506,39,206,543,407],
Yacute => [-1,14,639,14,225,929,2],
Acircumflex => [-1,14,640,13,225,929,2],
aacute => [-1,36,494,26,210,749,197],
Ucircumflex => [-1,79,565,78,206,948,2],
yacute => [-1,11,478,11,11,948,197],
scommaaccent => [-1,32,432,36,0,763,393],
ecircumflex => [-1,40,476,40,210,749,197],
Uring => [-1,79,565,78,206,950,0],
Udieresis => [-1,79,565,78,206,920,30],
aogonek => [-1,36,511,9,5,758,393],
Uacute => [-1,79,565,78,206,948,2],
uogonek => [-1,68,451,37,0,748,408],
Edieresis => [-1,86,530,51,225,901,30],
Dcroat => [-1,0,674,48,225,718,213],
commaaccent => [-1,87,94,69,0,185,971],
copyright => [-1,-14,766,-15,206,756,194],
Emacron => [-1,86,530,51,225,879,52],
ccaron => [-1,30,447,23,210,749,197],
aring => [-1,36,494,26,210,771,175],
Ncommaaccent => [-1,76,570,76,0,943,213],
lacute => [-1,67,197,-42,225,929,2],
agrave => [-1,36,494,26,210,749,197],
Tcommaaccent => [-1,14,583,14,0,943,213],
Cacute => [-1,44,637,41,206,948,2],
atilde => [-1,36,494,26,210,737,209],
Edotaccent => [-1,86,530,51,225,901,30],
scaron => [-1,32,432,36,210,749,197],
scedilla => [-1,32,432,36,0,763,393],
iacute => [-1,95,197,-14,225,734,197],
lozenge => [-1,10,452,9,225,728,203],
Rcaron => [-1,88,596,38,225,929,2],
Gcommaaccent => [-1,48,656,74,0,962,194],
ucircumflex => [-1,68,421,67,210,749,197],
acircumflex => [-1,36,494,26,210,749,197],
Amacron => [-1,14,640,13,225,879,52],
rcaron => [-1,61,291,-19,225,734,197],
ccedilla => [-1,30,447,23,0,763,393],
Zdotaccent => [-1,23,565,23,225,901,30],
Thorn => [-1,86,536,45,225,718,213],
Omacron => [-1,39,700,39,206,898,52],
Racute => [-1,88,596,38,225,929,2],
Sacute => [-1,49,571,47,206,948,2],
dcaron => [-1,35,620,-12,210,733,213],
Umacron => [-1,79,565,78,206,898,52],
uring => [-1,68,421,67,210,771,175],
threesuperior => [-1,5,320,8,495,433,228],
Ograve => [-1,39,700,39,206,948,2],
Agrave => [-1,14,640,13,225,929,2],
Abreve => [-1,14,640,13,225,926,5],
multiply => [-1,39,506,39,225,506,425],
uacute => [-1,68,421,67,210,749,197],
Tcaron => [-1,14,583,14,225,929,2],
partialdiff => [-1,13,450,13,187,752,217],
ydieresis => [-1,11,478,11,11,920,225],
Nacute => [-1,76,570,76,225,929,2],
icircumflex => [-1,-6,291,-7,225,734,197],
Ecircumflex => [-1,86,530,51,225,929,2],
adieresis => [-1,36,494,26,210,721,225],
edieresis => [-1,40,476,40,210,721,225],
cacute => [-1,30,447,23,210,749,197],
nacute => [-1,65,426,65,225,734,197],
umacron => [-1,68,421,67,210,699,247],
Ncaron => [-1,76,570,76,225,929,2],
Iacute => [-1,91,201,-14,225,929,2],
plusminus => [-1,39,506,39,225,506,425],
brokenbar => [-1,94,73,93,75,850,231],
registered => [-1,-14,766,-15,206,756,194],
Gbreve => [-1,48,656,74,206,945,5],
Idotaccent => [-1,91,97,90,225,901,30],
summation => [-1,15,571,14,215,716,225],
Egrave => [-1,86,530,51,225,929,2],
racute => [-1,77,255,1,225,734,197],
omacron => [-1,35,486,35,211,698,247],
Zacute => [-1,23,565,23,225,929,2],
Zcaron => [-1,23,565,23,225,929,2],
greaterequal => [-1,26,497,26,225,674,257],
Eth => [-1,0,674,48,225,718,213],
Ccedilla => [-1,44,637,41,0,962,194],
lcommaaccent => [-1,67,100,55,0,943,213],
tcaron => [-1,14,315,-12,218,815,123],
eogonek => [-1,40,476,40,0,763,393],
Uogonek => [-1,79,565,78,0,943,213],
Aacute => [-1,14,640,13,225,929,2],
Adieresis => [-1,14,640,13,225,901,30],
egrave => [-1,40,476,40,210,749,197],
zacute => [-1,31,438,31,225,734,197],
iogonek => [-1,-31,214,39,0,943,213],
Oacute => [-1,39,700,39,206,948,2],
oacute => [-1,35,486,35,211,748,197],
amacron => [-1,36,494,26,210,699,247],
sacute => [-1,32,432,36,210,749,197],
idieresis => [-1,13,253,12,225,706,225],
Ocircumflex => [-1,39,700,39,206,948,2],
Ugrave => [-1,79,565,78,206,948,2],
Delta => [-1,6,602,4,225,688,243],
thorn => [-1,58,459,39,18,925,213],
twosuperior => [-1,4,319,10,506,422,228],
Odieresis => [-1,39,700,39,206,920,30],
mu => [-1,68,421,67,18,730,408],
igrave => [-1,-13,197,94,225,734,197],
ohungarumlaut => [-1,35,486,35,211,748,197],
Eogonek => [-1,86,547,34,5,938,213],
dcroat => [-1,35,515,6,210,733,213],
threequarters => [-1,45,765,24,206,722,228],
Scedilla => [-1,49,571,47,0,962,194],
lcaron => [-1,67,244,-12,225,718,213],
Kcommaaccent => [-1,76,587,4,0,943,213],
Lacute => [-1,76,461,19,225,929,2],
trademark => [-1,46,857,97,531,412,213],
edotaccent => [-1,40,476,40,210,721,225],
Igrave => [-1,-13,201,90,225,929,2],
Imacron => [-1,-17,313,-18,225,879,52],
Lcaron => [-1,76,461,19,225,718,213],
onehalf => [-1,43,730,61,206,722,228],
lessequal => [-1,26,497,26,225,674,257],
ocircumflex => [-1,35,486,35,211,748,197],
ntilde => [-1,65,426,65,225,722,209],
Uhungarumlaut => [-1,79,565,78,206,948,2],
Eacute => [-1,86,530,51,225,929,2],
emacron => [-1,40,476,40,210,699,247],
gbreve => [-1,40,459,57,5,951,200],
onequarter => [-1,73,683,78,206,722,228],
Scaron => [-1,49,571,47,206,948,2],
Scommaaccent => [-1,49,571,47,0,962,194],
Ohungarumlaut => [-1,39,700,39,206,948,2],
degree => [-1,54,292,54,636,292,228],
ograve => [-1,35,486,35,211,748,197],
Ccaron => [-1,44,637,41,206,948,2],
ugrave => [-1,68,421,67,210,749,197],
radical => [-1,-4,462,-5,145,842,169],
Dcaron => [-1,81,593,48,225,929,2],
rcommaaccent => [-1,77,255,1,0,763,393],
Ntilde => [-1,76,570,76,225,917,14],
otilde => [-1,35,486,35,211,736,209],
Rcommaaccent => [-1,88,596,38,0,943,213],
Lcommaaccent => [-1,76,461,19,0,943,213],
Atilde => [-1,14,640,13,225,917,14],
Aogonek => [-1,14,640,13,0,943,213],
Aring => [-1,14,640,13,225,931,0],
Otilde => [-1,39,700,39,206,936,14],
zdotaccent => [-1,31,438,31,225,706,225],
Ecaron => [-1,86,530,51,225,929,2],
Iogonek => [-1,-3,214,67,0,943,213],
kcommaaccent => [-1,67,434,-1,0,943,213],
minus => [-1,39,506,39,441,73,642],
Icircumflex => [-1,-6,291,-7,225,929,2],
ncaron => [-1,65,426,65,225,734,197],
tcommaaccent => [-1,14,243,21,0,894,262],
logicalnot => [-1,39,506,39,333,282,541],
odieresis => [-1,35,486,35,211,720,225],
udieresis => [-1,68,421,67,210,721,225],
notequal => [-1,12,525,12,190,586,380],
gcommaaccent => [-1,40,459,57,5,1042,109],
eth => [-1,35,487,34,210,752,194],
zcaron => [-1,31,438,31,225,734,197],
ncommaaccent => [-1,65,426,65,0,763,393],
onesuperior => [-1,43,179,111,506,422,228],
imacron => [-1,5,267,6,225,684,247],
Euro => [-1,0,0,556,225,0,931],
Ccircumflex => [-1,48,629,45,202,952,2],
ccircumflex => [-1,31,446,23,202,737,217],
Cdotaccent => [-1,48,629,45,202,916,38],
cdotaccent => [-1,31,446,23,202,691,263],
Ebreve => [-1,90,523,54,225,904,27],
ebreve => [-1,40,473,43,202,722,232],
Gcircumflex => [-1,44,665,69,202,962,-8],
gcircumflex => [-1,29,460,67,7,952,197],
Gdotaccent => [-1,44,665,69,202,916,38],
gdotaccent => [-1,29,460,67,7,916,233],
Hcircumflex => [-1,83,561,78,225,919,12],
hcircumflex => [-1,-32,518,70,225,919,12],
Hbar => [-1,38,714,33,225,729,202],
hbar => [-1,22,464,70,225,729,202],
Itilde => [-1,-10,314,-26,225,873,58],
itilde => [-1,-21,314,-15,225,668,263],
Ibreve => [-1,-4,301,-19,225,904,27],
ibreve => [-1,-14,301,-9,225,699,232],
IJ => [-1,100,526,74,202,752,202],
ij => [-1,66,239,69,7,947,202],
Jcircumflex => [-1,17,506,-23,202,942,12],
jcircumflex => [-1,-32,287,-33,7,1003,146],
kgreenlandic => [-1,58,444,-2,225,524,407],
Ldot => [-1,80,453,23,225,729,202],
ldot => [-1,68,289,47,225,729,202],
napostrophe => [-1,64,423,69,225,789,142],
Eng => [-1,76,570,76,51,903,202],
eng => [-1,70,417,69,82,682,392],
Obreve => [-1,38,704,36,202,927,27],
obreve => [-1,36,474,46,202,722,232],
Scircumflex => [-1,48,573,46,202,942,12],
scircumflex => [-1,34,425,41,202,737,217],
Tbar => [-1,21,572,18,225,729,202],
tbar => [-1,13,240,25,202,691,263],
Tcedilla => [-1,14,583,14,0,943,213],
tcedilla => [-1,14,243,21,0,894,262],
Utilde => [-1,85,560,77,202,896,58],
utilde => [-1,65,417,74,202,691,263],
Ubreve => [-1,85,560,77,202,927,27],
ubreve => [-1,65,417,74,202,722,232],
Wcircumflex => [-1,22,907,15,225,919,12],
wcircumflex => [-1,6,702,14,225,714,217],
Ycircumflex => [-1,13,648,6,225,919,12],
ycircumflex => [-1,20,458,22,7,932,217],
longs => [-1,18,240,20,225,732,199],
infinity => [-1,38,672,46,339,386,431],
'.notdef' => [-1,0,0,278,225,0,931]}});
