('Helvetica-Bold' => {
  name            => 'Helvetica-Bold',
  family          => 'Helvetica',
  height          => 1190,
  weight          => fw::Bold,
  style           => fs::Bold,
  pitch           => fp::Variable,
  vector          => 1,
  ascent          => 962,
  descent         => 228,
  maximalWidth    => 1190,
  width           => 1190,
  internalLeading => 190,
  externalLeading => 63,
  firstChar       => 32,
  lastChar        => 251,
  breakChar       => 32,
  defaultChar     => 32,
  xDeviceRes      => 72.27,
  yDeviceRes      => 72.27,
  size            => 1000,
  encoding        => 'Latin1',
  chardata        => {
space => [32,0,0,278,228,0,962],
exclam => [33,90,154,89,228,718,244],
quotedbl => [34,98,278,98,675,271,244],
numbersign => [35,18,520,18,228,698,264],
dollar => [36,30,493,33,113,890,187],
percent => [37,28,833,28,209,729,252],
ampersand => [38,54,647,21,209,737,244],
quoteright => [39,69,140,69,673,273,244],
parenleft => [40,35,279,19,20,942,228],
parenright => [41,19,279,35,20,942,228],
asterisk => [42,27,335,27,615,331,244],
plus => [43,40,504,40,228,506,456],
comma => [44,64,150,64,60,314,816],
hyphen => [45,27,279,27,443,130,617],
period => [46,64,150,64,228,146,816],
slash => [47,-33,344,-33,209,756,225],
zero => [48,32,492,32,209,729,252],
one => [49,69,309,178,228,710,252],
two => [50,26,485,45,228,710,252],
three => [51,27,489,40,209,729,252],
four => [52,27,499,30,228,710,252],
five => [53,27,489,40,209,717,264],
six => [54,31,489,36,209,729,252],
seven => [55,25,503,28,228,698,264],
eight => [56,32,492,32,209,729,252],
nine => [57,30,492,34,209,729,252],
colon => [58,92,150,91,228,512,450],
semicolon => [59,92,150,91,60,680,450],
less => [60,38,508,38,220,522,448],
equal => [61,40,504,40,315,332,543],
greater => [62,38,508,38,220,522,448],
question => [63,60,496,55,228,727,235],
at => [64,118,738,119,209,756,225],
A => [65,20,682,20,228,718,244],
B => [66,76,593,53,228,718,244],
C => [67,44,640,38,209,756,225],
D => [68,76,609,37,228,718,244],
E => [69,76,545,46,228,718,244],
F => [70,76,511,24,228,718,244],
G => [71,44,669,65,209,756,225],
H => [72,71,580,71,228,718,244],
I => [73,64,150,64,228,718,244],
J => [74,22,462,72,210,736,244],
K => [75,87,635,0,228,718,244],
L => [76,76,507,28,228,718,244],
M => [77,69,696,68,228,718,244],
N => [78,69,585,68,228,718,244],
O => [79,44,690,44,209,756,225],
P => [80,76,551,40,228,718,244],
Q => [81,44,693,41,176,789,225],
R => [82,76,601,45,228,718,244],
S => [83,39,590,38,209,756,225],
T => [84,14,584,13,228,718,244],
U => [85,72,579,71,209,737,244],
V => [86,19,629,19,228,718,244],
W => [87,16,913,15,228,718,244],
X => [88,14,639,14,228,718,244],
Y => [89,15,638,14,228,718,244],
Z => [90,25,561,25,228,718,244],
bracketleft => [91,63,246,24,32,918,240],
backslash => [92,-33,344,-33,209,756,225],
bracketright => [93,24,246,63,32,918,240],
asciicircum => [94,62,460,62,551,375,264],
underscore => [95,0,556,0,103,50,1037],
quoteleft => [96,69,140,69,682,273,235],
a => [97,29,498,29,214,560,416],
b => [98,61,517,33,214,732,244],
c => [99,34,490,32,214,560,416],
d => [100,34,517,60,214,732,244],
e => [101,23,505,28,214,560,416],
f => [102,10,308,15,228,727,235],
g => [103,40,513,58,11,763,416],
h => [104,65,481,65,228,718,244],
i => [105,69,140,69,228,725,237],
j => [106,3,206,69,14,939,237],
k => [107,69,493,-6,228,718,244],
l => [108,69,140,69,228,718,244],
m => [109,64,762,63,228,546,416],
n => [110,65,481,65,228,546,416],
o => [111,34,544,33,214,560,416],
p => [112,62,516,33,21,753,416],
q => [113,34,518,59,21,753,416],
r => [114,64,309,16,228,546,416],
s => [115,30,489,37,214,560,416],
t => [116,10,299,24,222,682,286],
u => [117,66,479,66,214,546,430],
v => [118,13,530,13,228,532,430],
w => [119,10,759,9,228,532,430],
x => [120,15,526,15,228,532,430],
y => [121,10,529,17,14,746,430],
z => [122,20,460,20,228,532,430],
braceleft => [123,48,317,24,32,918,240],
bar => [124,84,112,84,3,1000,187],
braceright => [125,24,317,48,32,918,240],
asciitilde => [126,61,462,61,391,180,619],
exclamdown => [161,90,154,89,42,718,430],
cent => [162,34,490,32,110,746,334],
sterling => [163,28,513,15,212,734,244],
fraction => [164,-170,506,-169,209,729,252],
yen => [165,-9,574,-9,228,698,264],
florin => [166,-10,526,40,18,947,225],
section => [167,34,488,34,44,911,235],
currency => [168,-3,562,-3,304,560,326],
quotesingle => [169,70,98,70,675,271,244],
quotedblleft => [170,64,372,64,682,273,235],
guillemotleft => [171,88,380,88,304,408,478],
guilsinglleft => [172,83,167,83,304,408,478],
guilsinglright => [173,83,167,83,304,408,478],
fi => [174,10,532,69,228,727,235],
fl => [175,10,532,69,228,727,235],
endash => [177,0,556,0,455,106,629],
dagger => [178,36,484,36,57,889,244],
daggerdbl => [179,36,484,36,57,889,244],
periodcentered => [180,58,162,58,400,162,628],
paragraph => [182,-8,547,17,37,891,262],
bullet => [183,10,330,10,422,330,438],
quotesinglbase => [184,69,140,69,82,273,835],
quotedblbase => [185,64,372,64,82,273,835],
quotedblright => [186,64,372,64,673,273,244],
guillemotright => [187,88,380,88,304,408,478],
ellipsis => [188,92,816,92,228,146,816],
perthousand => [189,-3,1006,-3,209,729,252],
questiondown => [191,55,496,60,33,727,430],
grave => [193,-23,248,108,832,146,212],
acute => [194,108,248,-23,832,146,212],
circumflex => [195,-10,353,-10,832,146,212],
tilde => [196,-17,367,-17,838,127,225],
macron => [197,-6,345,-6,832,74,284],
breve => [198,-2,337,-2,832,146,212],
dotaccent => [199,104,126,103,842,115,233],
dieresis => [200,6,321,6,842,115,233],
ring => [202,59,216,58,796,208,186],
cedilla => [203,6,239,88,0,228,962],
hungarumlaut => [205,9,477,-153,832,146,212],
ogonek => [206,71,233,29,0,228,962],
caron => [207,-10,353,-10,832,146,212],
emdash => [208,0,1000,0,455,106,629],
AE => [225,5,949,46,228,718,244],
ordfeminine => [227,22,325,23,629,336,225],
Lslash => [232,-20,603,28,228,718,244],
Oslash => [233,33,711,34,201,772,217],
OE => [234,37,924,39,209,756,225],
ordmasculine => [235,6,354,5,629,336,225],
ae => [241,29,829,31,214,560,416],
dotlessi => [245,69,140,69,228,532,430],
lslash => [248,-18,314,-18,228,718,244],
oslash => [249,22,567,22,199,589,402],
oe => [250,34,878,32,214,560,416],
germandbls => [251,69,510,32,214,745,231],
Idieresis => [-1,-21,321,-22,228,915,47],
eacute => [-1,23,505,28,214,764,212],
abreve => [-1,29,498,29,214,764,212],
uhungarumlaut => [-1,66,559,-14,214,764,212],
ecaron => [-1,23,505,28,214,764,212],
Ydieresis => [-1,15,638,14,228,915,47],
divide => [-1,40,504,40,186,590,414],
Yacute => [-1,15,638,14,228,936,26],
Acircumflex => [-1,20,682,20,228,936,26],
aacute => [-1,29,498,29,214,764,212],
Ucircumflex => [-1,72,579,71,209,955,26],
yacute => [-1,10,529,17,14,964,212],
scommaaccent => [-1,30,489,37,0,774,416],
ecircumflex => [-1,23,505,28,214,764,212],
Uring => [-1,72,579,71,209,981,0],
Udieresis => [-1,72,579,71,209,934,47],
aogonek => [-1,29,516,11,4,770,416],
Uacute => [-1,72,579,71,209,955,26],
uogonek => [-1,66,479,66,0,760,430],
Edieresis => [-1,76,545,46,228,915,47],
Dcroat => [-1,-5,690,37,228,718,244],
commaaccent => [-1,64,135,51,0,178,1012],
copyright => [-1,-11,760,-12,209,756,225],
Emacron => [-1,76,545,46,228,864,98],
ccaron => [-1,34,490,32,214,764,212],
aring => [-1,29,498,29,214,790,186],
Ncommaaccent => [-1,69,585,68,0,946,244],
lacute => [-1,69,260,-51,228,936,26],
agrave => [-1,29,498,29,214,764,212],
Tcommaaccent => [-1,14,584,13,0,946,244],
Cacute => [-1,44,640,38,209,955,26],
atilde => [-1,29,498,29,214,751,225],
Edotaccent => [-1,76,545,46,228,915,47],
scaron => [-1,30,489,37,214,764,212],
scedilla => [-1,30,489,37,0,774,416],
iacute => [-1,69,260,-51,228,750,212],
lozenge => [-1,10,474,10,228,745,217],
Rcaron => [-1,76,601,45,228,936,26],
Gcommaaccent => [-1,44,669,65,0,965,225],
ucircumflex => [-1,66,479,66,214,764,212],
acircumflex => [-1,29,498,29,214,764,212],
Amacron => [-1,20,682,20,228,864,98],
rcaron => [-1,18,355,16,228,750,212],
ccedilla => [-1,34,490,32,0,774,416],
Zdotaccent => [-1,25,561,25,228,915,47],
Thorn => [-1,76,551,40,228,718,244],
Omacron => [-1,44,690,44,209,883,98],
Racute => [-1,76,601,45,228,936,26],
Sacute => [-1,39,590,38,209,955,26],
dcaron => [-1,34,716,-7,214,732,244],
Umacron => [-1,72,579,71,209,883,98],
uring => [-1,66,479,66,214,790,186],
threesuperior => [-1,8,318,7,499,439,252],
Ograve => [-1,44,690,44,209,955,26],
Agrave => [-1,20,682,20,228,936,26],
Abreve => [-1,20,682,20,228,936,26],
multiply => [-1,40,505,39,229,504,457],
uacute => [-1,66,479,66,214,764,212],
Tcaron => [-1,14,584,13,228,936,26],
partialdiff => [-1,11,483,0,207,771,212],
ydieresis => [-1,10,529,17,14,943,233],
Nacute => [-1,69,585,68,228,936,26],
icircumflex => [-1,-37,353,-38,228,750,212],
Ecircumflex => [-1,76,545,46,228,936,26],
adieresis => [-1,29,498,29,214,743,233],
edieresis => [-1,23,505,28,214,743,233],
cacute => [-1,34,490,32,214,764,212],
nacute => [-1,65,481,65,228,750,212],
umacron => [-1,66,479,66,214,692,284],
Ncaron => [-1,69,585,68,228,936,26],
Iacute => [-1,64,265,-51,228,936,26],
plusminus => [-1,40,504,40,228,506,456],
brokenbar => [-1,84,112,84,78,850,262],
registered => [-1,-11,759,-11,209,756,225],
Gbreve => [-1,44,669,65,209,955,26],
Idotaccent => [-1,64,150,64,228,915,47],
summation => [-1,14,571,15,218,716,256],
Egrave => [-1,76,545,46,228,936,26],
racute => [-1,64,320,5,228,750,212],
omacron => [-1,34,544,33,214,692,284],
Zacute => [-1,25,561,25,228,936,26],
Zcaron => [-1,25,561,25,228,936,26],
greaterequal => [-1,26,497,26,228,704,258],
Eth => [-1,-5,690,37,228,718,244],
Ccedilla => [-1,44,640,38,0,965,225],
lcommaaccent => [-1,69,144,65,0,946,244],
tcaron => [-1,10,411,-32,222,884,84],
eogonek => [-1,23,505,28,0,774,416],
Uogonek => [-1,72,579,71,0,946,244],
Aacute => [-1,20,682,20,228,936,26],
Adieresis => [-1,20,682,20,228,915,47],
egrave => [-1,23,505,28,214,764,212],
zacute => [-1,20,460,20,228,750,212],
iogonek => [-1,16,233,29,4,949,237],
Oacute => [-1,44,690,44,209,955,26],
oacute => [-1,34,544,33,214,764,212],
amacron => [-1,29,498,29,214,692,284],
sacute => [-1,30,489,37,214,764,212],
idieresis => [-1,-21,321,-22,228,729,233],
Ocircumflex => [-1,44,690,44,209,955,26],
Ugrave => [-1,72,579,71,209,955,26],
Delta => [-1,6,602,4,228,688,274],
thorn => [-1,62,516,33,20,926,244],
twosuperior => [-1,9,315,9,511,427,252],
Odieresis => [-1,44,690,44,209,934,47],
mu => [-1,66,479,66,21,739,430],
igrave => [-1,-50,259,69,228,750,212],
ohungarumlaut => [-1,34,591,-14,214,764,212],
Eogonek => [-1,76,563,28,4,942,244],
dcroat => [-1,34,616,-39,214,732,244],
threequarters => [-1,16,783,35,209,729,252],
Scedilla => [-1,39,590,38,0,965,225],
lcaron => [-1,69,339,-8,228,718,244],
Kcommaaccent => [-1,87,635,0,0,946,244],
Lacute => [-1,76,507,28,228,936,26],
trademark => [-1,44,912,44,534,412,244],
edotaccent => [-1,23,505,28,214,743,233],
Igrave => [-1,-50,264,64,228,936,26],
Imacron => [-1,-33,345,-34,228,864,98],
Lcaron => [-1,76,507,28,228,718,244],
onehalf => [-1,26,768,40,209,729,252],
lessequal => [-1,29,497,23,228,704,258],
ocircumflex => [-1,34,544,33,214,764,212],
ntilde => [-1,65,481,65,228,737,225],
Uhungarumlaut => [-1,72,609,41,209,955,26],
Eacute => [-1,76,545,46,228,936,26],
emacron => [-1,23,505,28,214,692,284],
gbreve => [-1,40,513,58,11,967,212],
onequarter => [-1,26,740,68,209,729,252],
Scaron => [-1,39,590,38,209,955,26],
Scommaaccent => [-1,39,590,38,0,965,225],
Ohungarumlaut => [-1,44,690,44,209,955,26],
degree => [-1,57,286,57,654,286,250],
ograve => [-1,34,544,33,214,764,212],
Ccaron => [-1,44,640,38,209,955,26],
ugrave => [-1,66,479,66,214,764,212],
radical => [-1,10,502,37,182,896,112],
Dcaron => [-1,76,609,37,228,936,26],
rcommaaccent => [-1,64,309,16,0,774,416],
Ntilde => [-1,69,585,68,228,923,39],
otilde => [-1,34,544,33,214,751,225],
Rcommaaccent => [-1,76,601,45,0,946,244],
Lcommaaccent => [-1,76,507,28,0,946,244],
Atilde => [-1,20,682,20,228,923,39],
Aogonek => [-1,20,722,-20,4,942,244],
Aring => [-1,20,682,20,228,962,0],
Otilde => [-1,44,690,44,209,942,39],
zdotaccent => [-1,20,460,20,228,729,233],
Ecaron => [-1,76,545,46,228,936,26],
Iogonek => [-1,-11,233,56,0,946,244],
kcommaaccent => [-1,69,493,-6,0,946,244],
minus => [-1,40,504,40,425,112,653],
Icircumflex => [-1,-37,353,-38,228,936,26],
ncaron => [-1,65,481,65,228,750,212],
tcommaaccent => [-1,10,299,24,0,904,286],
logicalnot => [-1,40,504,40,336,311,543],
odieresis => [-1,34,544,33,214,743,233],
udieresis => [-1,66,479,66,214,743,233],
notequal => [-1,15,525,9,179,619,392],
gcommaaccent => [-1,40,513,58,11,1067,112],
eth => [-1,34,544,33,214,751,225],
zcaron => [-1,20,460,20,228,750,212],
ncommaaccent => [-1,65,481,65,0,774,416],
onesuperior => [-1,26,211,96,511,427,252],
imacron => [-1,-8,293,-7,228,678,284],
Euro => [-1,0,0,556,228,0,962],
Ccircumflex => [-1,44,641,37,205,1002,-17],
ccircumflex => [-1,34,488,34,205,813,172],
Cdotaccent => [-1,44,641,37,205,974,11],
cdotaccent => [-1,34,488,34,205,785,200],
Ebreve => [-1,79,545,43,228,972,-10],
ebreve => [-1,22,503,31,205,806,179],
Gcircumflex => [-1,42,669,67,205,1002,-17],
gcircumflex => [-1,34,507,70,10,1008,172],
Gdotaccent => [-1,42,669,67,205,974,11],
gdotaccent => [-1,34,507,70,10,980,200],
Hcircumflex => [-1,68,589,65,228,979,-17],
hcircumflex => [-1,67,474,70,228,979,-17],
Hbar => [-1,26,700,26,228,729,233],
hbar => [-1,16,525,70,228,729,233],
Itilde => [-1,-39,354,-37,228,957,5],
itilde => [-1,-40,354,-36,228,768,194],
Ibreve => [-1,6,264,8,228,972,-10],
ibreve => [-1,5,264,9,228,783,179],
IJ => [-1,63,677,68,205,752,233],
ij => [-1,67,351,74,10,947,233],
Jcircumflex => [-1,24,546,-14,205,1002,-17],
jcircumflex => [-1,-19,318,-21,10,1001,179],
kgreenlandic => [-1,59,489,25,228,540,422],
Ldot => [-1,80,499,32,228,729,233],
ldot => [-1,67,377,112,228,729,233],
napostrophe => [-1,63,483,65,228,849,113],
Eng => [-1,68,593,61,56,901,233],
eng => [-1,63,483,65,41,736,413],
Obreve => [-1,40,702,36,205,995,-10],
obreve => [-1,35,534,42,205,806,179],
Scircumflex => [-1,32,601,34,205,1002,-17],
scircumflex => [-1,29,491,36,205,813,172],
Tbar => [-1,14,584,13,228,729,233],
tbar => [-1,14,288,31,205,697,288],
Tcedilla => [-1,14,584,13,0,946,244],
tcedilla => [-1,10,299,24,0,904,286],
Utilde => [-1,76,578,68,205,980,5],
utilde => [-1,58,483,70,205,791,194],
Ubreve => [-1,76,578,68,205,995,-10],
ubreve => [-1,58,483,70,205,806,179],
Wcircumflex => [-1,13,919,12,228,979,-17],
wcircumflex => [-1,5,761,12,228,790,172],
Ycircumflex => [-1,27,623,17,228,979,-17],
ycircumflex => [-1,9,529,18,9,1009,172],
longs => [-1,14,294,25,228,729,233],
infinity => [-1,29,818,24,337,483,370],
'.notdef' => [-1,0,0,278,228,0,962]}});
