('Helvetica-Narrow-Oblique' => {
  name            => 'Helvetica-Narrow-Oblique',
  family          => 'Helvetica Narrow',
  height          => 1156,
  weight          => fw::Medium,
  style           => fs::Italic,
  pitch           => fp::Variable,
  vector          => 1,
  ascent          => 931,
  descent         => 225,
  maximalWidth    => 1156,
  width           => 1156,
  internalLeading => 156,
  externalLeading => 52,
  firstChar       => 32,
  lastChar        => 251,
  breakChar       => 32,
  defaultChar     => 32,
  xDeviceRes      => 72.27,
  yDeviceRes      => 72.27,
  size            => 1000,
  encoding        => 'Latin1',
  chardata        => {
space => [32,0,0,228,225,0,931],
exclam => [33,74,204,-50,225,718,213],
quotedbl => [34,138,221,-68,688,255,213],
numbersign => [35,60,457,-61,225,688,243],
dollar => [36,57,449,-50,110,890,156],
percent => [37,120,609,0,206,722,228],
ampersand => [38,63,467,17,210,733,213],
quoteright => [39,124,130,-72,688,255,213],
parenleft => [40,89,283,-99,18,940,198],
parenright => [41,-7,283,-3,18,940,198],
asterisk => [42,135,254,-70,656,287,213],
plus => [43,70,427,-18,225,505,426],
comma => [44,46,129,53,78,253,825],
hyphen => [45,77,216,-20,457,90,609],
period => [46,71,104,53,225,106,825],
slash => [47,-17,387,-142,206,756,194],
zero => [48,77,422,-43,206,722,228],
one => [49,170,247,39,225,703,228],
two => [50,21,485,-50,225,703,228],
three => [51,61,439,-44,206,722,228],
four => [52,50,422,-16,225,703,228],
five => [53,55,454,-53,206,707,243],
six => [54,74,431,-49,206,722,228],
seven => [55,112,437,-93,225,688,243],
eight => [56,60,437,-41,206,722,228],
nine => [57,67,432,-43,206,722,228],
colon => [58,71,176,-19,225,516,415],
semicolon => [59,46,201,-19,78,663,415],
less => [60,77,449,-47,236,484,436],
equal => [61,52,463,-36,340,275,541],
greater => [62,41,449,-11,236,484,436],
question => [63,132,368,-44,225,727,204],
at => [64,176,615,41,206,756,194],
A => [65,11,525,11,225,718,213],
B => [66,61,522,-36,225,718,213],
C => [67,88,552,-48,206,756,194],
D => [68,66,560,-34,225,718,213],
E => [69,71,554,-78,225,718,213],
F => [70,71,532,-102,225,718,213],
G => [71,91,564,-17,206,756,194],
H => [72,63,592,-63,225,718,213],
I => [73,75,204,-51,225,718,213],
J => [74,39,437,-66,206,737,213],
K => [75,62,600,-115,225,718,213],
L => [76,62,393,1,225,718,213],
M => [77,60,689,-66,225,718,213],
N => [78,62,593,-63,225,718,213],
O => [79,86,591,-39,206,756,194],
P => [80,71,533,-57,225,718,213],
Q => [81,86,591,-39,169,793,194],
R => [82,72,562,-42,225,718,213],
S => [83,74,510,-37,206,756,194],
T => [84,122,493,-114,225,718,213],
U => [85,101,552,-61,206,737,213],
V => [86,142,514,-109,225,718,213],
W => [87,138,748,-112,225,718,213],
X => [88,16,631,-100,225,718,213],
Y => [89,137,524,-114,225,718,213],
Z => [90,19,588,-106,225,718,213],
bracketleft => [91,17,314,-103,29,918,209],
backslash => [92,115,124,-11,206,756,194],
bracketright => [93,-11,313,-74,29,918,209],
asciicircum => [94,35,407,-57,489,424,243],
underscore => [95,-22,465,13,100,50,1006],
quoteleft => [96,135,130,-83,695,255,206],
a => [97,50,408,-2,210,553,393],
b => [98,48,431,-23,210,733,213],
c => [99,61,393,-44,210,553,393],
d => [100,69,465,-78,210,733,213],
e => [101,69,405,-18,210,553,393],
f => [102,71,270,-113,225,728,203],
g => [103,34,466,-44,5,758,393],
h => [104,53,417,-14,225,718,213],
i => [105,55,197,-70,225,718,213],
j => [106,-49,301,-70,15,928,213],
k => [107,55,437,-82,225,718,213],
l => [108,55,197,-70,225,718,213],
m => [109,53,646,-16,225,538,393],
n => [110,53,417,-14,225,538,393],
o => [111,68,411,-23,211,552,393],
p => [112,11,468,-23,18,745,393],
q => [113,69,427,-40,18,745,393],
r => [114,63,302,-92,225,538,393],
s => [115,52,382,-24,210,553,393],
t => [116,84,218,-74,218,676,262],
u => [117,77,415,-36,210,538,408],
v => [118,98,397,-85,225,523,408],
w => [119,103,570,-81,225,523,408],
x => [120,9,478,-77,225,523,408],
y => [121,12,480,-82,11,737,408],
z => [122,25,443,-58,225,523,408],
braceleft => [123,75,290,-91,29,918,209],
bar => [124,38,234,-59,0,1000,156],
braceright => [125,0,291,-17,29,918,209],
asciitilde => [126,91,385,3,405,146,605],
exclamdown => [161,63,204,6,30,718,408],
cent => [162,78,401,-23,110,738,308],
sterling => [163,40,480,-64,209,734,213],
fraction => [164,-139,535,-259,206,722,228],
yen => [165,67,506,-117,225,688,243],
florin => [166,-43,580,-81,18,944,194],
section => [167,63,416,-23,34,928,194],
currency => [168,49,481,-74,324,504,328],
quotesingle => [169,129,104,-76,688,255,213],
quotedblleft => [170,113,265,-105,695,255,206],
guillemotleft => [171,120,334,2,333,338,485],
guilsinglleft => [172,112,167,-6,333,338,485],
guilsinglright => [173,91,166,16,333,338,485],
fi => [174,71,410,-71,225,728,203],
fl => [175,71,408,-69,225,728,203],
endash => [177,42,468,-54,465,73,618],
dagger => [178,110,400,-54,66,877,213],
daggerdbl => [179,43,468,-55,66,877,213],
periodcentered => [180,106,105,17,415,125,616],
paragraph => [182,103,430,-93,52,891,213],
bullet => [183,74,265,-52,427,315,414],
quotesinglbase => [184,17,130,35,76,255,825],
quotedblbase => [185,-5,265,13,76,255,825],
quotedblright => [186,102,265,-94,688,255,213],
guillemotright => [187,98,335,23,333,338,485],
ellipsis => [188,94,650,76,225,106,825],
perthousand => [189,72,772,-24,206,722,228],
questiondown => [191,70,368,63,24,726,406],
grave => [193,139,137,-3,818,141,197],
acute => [194,203,187,-117,818,141,197],
circumflex => [195,121,238,-86,818,141,197],
tilde => [196,102,300,-129,831,116,209],
macron => [197,117,267,-111,852,57,247],
breve => [198,137,254,-118,820,136,200],
dotaccent => [199,204,93,-24,829,102,225],
dieresis => [200,138,225,-90,829,102,225],
ring => [202,175,155,-57,797,184,175],
cedilla => [203,2,189,82,0,225,931],
hungarumlaut => [205,129,334,-190,818,141,197],
ogonek => [206,35,169,69,0,225,931],
caron => [207,145,239,-111,818,141,197],
emdash => [208,42,833,-55,465,73,618],
AE => [225,7,892,-79,225,718,213],
ordfeminine => [227,104,264,-65,630,332,194],
Lslash => [232,34,421,1,225,718,213],
Oslash => [233,35,695,-92,206,756,194],
OE => [234,80,835,-95,206,756,194],
ordmasculine => [235,115,269,-85,630,332,194],
ae => [241,50,696,-17,210,553,393],
dotlessi => [245,78,163,-13,225,523,408],
lslash => [248,34,250,-102,225,718,213],
oslash => [249,24,507,-30,203,567,386],
oe => [250,68,723,-17,210,553,393],
germandbls => [251,55,484,-38,210,743,203],
onesuperior => [-1,136,169,-32,506,422,228],
minus => [-1,70,427,-18,441,73,642],
degree => [-1,138,246,-56,636,292,228],
oacute => [-1,68,413,-25,211,748,197],
Odieresis => [-1,86,591,-39,206,920,30],
odieresis => [-1,68,411,-23,211,720,225],
Eacute => [-1,71,554,-78,225,929,2],
ucircumflex => [-1,77,415,-36,210,749,197],
onequarter => [-1,123,535,26,206,722,228],
logicalnot => [-1,87,428,-36,333,282,541],
Ecircumflex => [-1,71,554,-78,225,929,2],
onehalf => [-1,93,595,-4,206,722,228],
Otilde => [-1,86,591,-39,206,936,14],
uacute => [-1,77,415,-36,210,749,197],
eacute => [-1,69,412,-25,210,749,197],
iacute => [-1,78,289,-139,225,734,197],
Egrave => [-1,71,554,-78,225,929,2],
icircumflex => [-1,78,259,-109,225,734,197],
mu => [-1,20,472,-36,18,730,408],
brokenbar => [-1,51,208,-46,75,850,231],
thorn => [-1,11,468,-23,18,925,213],
Aring => [-1,11,525,11,225,931,0],
yacute => [-1,12,480,-82,11,948,197],
Ydieresis => [-1,137,524,-114,225,901,30],
trademark => [-1,152,714,-46,531,412,213],
registered => [-1,44,643,-83,206,756,194],
ocircumflex => [-1,68,411,-23,211,748,197],
Agrave => [-1,11,525,11,225,929,2],
Scaron => [-1,74,510,-37,206,948,2],
Ugrave => [-1,101,552,-61,206,948,2],
Edieresis => [-1,71,554,-78,225,901,30],
Uacute => [-1,101,552,-61,206,948,2],
otilde => [-1,68,426,-38,211,736,209],
ntilde => [-1,53,433,-30,225,722,209],
ydieresis => [-1,12,480,-82,11,920,225],
Aacute => [-1,11,549,-13,225,929,2],
eth => [-1,67,439,-50,210,752,194],
acircumflex => [-1,50,408,-2,210,749,197],
aring => [-1,50,408,-2,210,771,175],
Ograve => [-1,86,591,-39,206,948,2],
ccedilla => [-1,62,392,-44,0,763,393],
multiply => [-1,41,485,-47,225,506,425],
divide => [-1,70,427,-18,206,543,407],
twosuperior => [-1,52,316,-95,506,422,228],
Ntilde => [-1,62,593,-63,225,917,14],
ugrave => [-1,77,415,-36,210,749,197],
Ucircumflex => [-1,101,552,-61,206,948,2],
Atilde => [-1,11,562,-26,225,917,14],
zcaron => [-1,25,443,-58,225,734,197],
idieresis => [-1,78,263,-113,225,706,225],
Acircumflex => [-1,11,525,11,225,929,2],
Icircumflex => [-1,75,296,-143,225,929,2],
Yacute => [-1,137,524,-114,225,929,2],
Oacute => [-1,86,591,-39,206,948,2],
Adieresis => [-1,11,525,11,225,901,30],
Zcaron => [-1,19,588,-106,225,929,2],
agrave => [-1,50,408,-2,210,749,197],
threesuperior => [-1,74,284,-85,495,433,228],
ograve => [-1,68,411,-23,211,748,197],
threequarters => [-1,106,600,-22,206,722,228],
Eth => [-1,57,569,-34,225,718,213],
plusminus => [-1,32,475,-28,225,506,425],
udieresis => [-1,77,415,-36,210,721,225],
edieresis => [-1,69,405,-18,210,721,225],
aacute => [-1,50,431,-25,210,749,197],
igrave => [-1,78,176,-26,225,734,197],
Idieresis => [-1,75,300,-147,225,901,30],
adieresis => [-1,50,408,-2,210,721,225],
Iacute => [-1,75,326,-173,225,929,2],
copyright => [-1,44,643,-83,206,756,194],
Igrave => [-1,75,213,-60,225,929,2],
Ccedilla => [-1,88,552,-48,0,962,194],
scaron => [-1,52,401,-43,210,749,197],
egrave => [-1,69,405,-18,210,749,197],
Ocircumflex => [-1,86,591,-39,206,948,2],
Thorn => [-1,71,513,-37,225,718,213],
atilde => [-1,50,436,-30,210,737,209],
Udieresis => [-1,101,552,-61,206,920,30],
ecircumflex => [-1,69,405,-18,210,749,197],
'.notdef' => [-1,0,0,228,225,0,931]}});
