('Helvetica-Narrow-Bold' => {
  name            => 'Helvetica-Narrow-Bold',
  family          => 'Helvetica Narrow',
  height          => 1190,
  weight          => fw::Bold,
  style           => fs::Bold,
  pitch           => fp::Variable,
  vector          => 1,
  ascent          => 962,
  descent         => 228,
  maximalWidth    => 1190,
  width           => 1190,
  internalLeading => 190,
  externalLeading => 63,
  firstChar       => 32,
  lastChar        => 251,
  breakChar       => 32,
  defaultChar     => 32,
  xDeviceRes      => 72.27,
  yDeviceRes      => 72.27,
  size            => 1000,
  encoding        => 'Latin1',
  chardata        => {
space => [32,0,0,228,228,0,962],
exclam => [33,74,126,73,228,718,244],
quotedbl => [34,80,228,81,675,271,244],
numbersign => [35,15,426,15,228,698,264],
dollar => [36,25,404,27,113,890,187],
percent => [37,23,683,23,209,729,252],
ampersand => [38,44,531,17,209,737,244],
quoteright => [39,57,114,57,673,273,244],
parenleft => [40,29,228,16,20,942,228],
parenright => [41,16,228,29,20,942,228],
asterisk => [42,22,275,22,615,331,244],
plus => [43,33,413,33,228,506,456],
comma => [44,52,123,53,60,314,816],
hyphen => [45,22,229,22,443,130,617],
period => [46,52,123,53,228,146,816],
slash => [47,-27,282,-27,209,756,225],
zero => [48,26,404,26,209,729,252],
one => [49,57,253,146,228,710,252],
two => [50,21,398,37,228,710,252],
three => [51,22,401,33,209,729,252],
four => [52,22,409,25,228,710,252],
five => [53,22,401,33,209,717,264],
six => [54,25,401,30,209,729,252],
seven => [55,21,412,23,228,698,264],
eight => [56,26,404,26,209,729,252],
nine => [57,25,403,28,209,729,252],
colon => [58,75,123,75,228,512,450],
semicolon => [59,75,123,75,60,680,450],
less => [60,31,417,31,220,522,448],
equal => [61,33,413,33,315,332,543],
greater => [62,31,417,31,220,522,448],
question => [63,49,407,45,228,727,235],
at => [64,97,605,98,209,756,225],
A => [65,16,560,16,228,718,244],
B => [66,62,487,43,228,718,244],
C => [67,36,525,31,209,756,225],
D => [68,62,500,30,228,718,244],
E => [69,62,447,38,228,718,244],
F => [70,62,419,20,228,718,244],
G => [71,36,549,53,209,756,225],
H => [72,58,476,58,228,718,244],
I => [73,52,123,53,228,718,244],
J => [74,18,379,59,210,736,244],
K => [75,71,521,0,228,718,244],
L => [76,62,416,23,228,718,244],
M => [77,57,570,56,228,718,244],
N => [78,57,479,56,228,718,244],
O => [79,36,566,36,209,756,225],
P => [80,62,452,33,228,718,244],
Q => [81,36,568,34,176,789,225],
R => [82,62,493,37,228,718,244],
S => [83,32,484,31,209,756,225],
T => [84,11,479,11,228,718,244],
U => [85,59,475,58,209,737,244],
V => [86,16,515,16,228,718,244],
W => [87,13,749,12,228,718,244],
X => [88,11,524,12,228,718,244],
Y => [89,12,523,12,228,718,244],
Z => [90,21,460,20,228,718,244],
bracketleft => [91,52,201,20,32,918,240],
backslash => [92,-27,282,-27,209,756,225],
bracketright => [93,20,201,52,32,918,240],
asciicircum => [94,51,377,51,551,375,264],
underscore => [95,0,456,0,103,50,1037],
quoteleft => [96,57,114,57,682,273,235],
a => [97,24,408,24,214,560,416],
b => [98,50,424,27,214,732,244],
c => [99,28,402,26,214,560,416],
d => [100,28,424,49,214,732,244],
e => [101,19,414,23,214,560,416],
f => [102,8,253,12,228,727,235],
g => [103,33,420,48,11,763,416],
h => [104,53,395,53,228,718,244],
i => [105,57,114,57,228,725,237],
j => [106,2,169,57,14,939,237],
k => [107,57,404,-5,228,718,244],
l => [108,57,114,57,228,718,244],
m => [109,52,625,52,228,546,416],
n => [110,53,395,53,228,546,416],
o => [111,28,446,27,214,560,416],
p => [112,51,423,27,21,753,416],
q => [113,28,425,48,21,753,416],
r => [114,52,254,13,228,546,416],
s => [115,25,401,30,214,560,416],
t => [116,8,245,20,222,682,286],
u => [117,54,393,54,214,546,430],
v => [118,11,434,11,228,532,430],
w => [119,8,623,7,228,532,430],
x => [120,12,432,12,228,532,430],
y => [121,8,434,14,14,746,430],
z => [122,16,378,16,228,532,430],
braceleft => [123,39,260,20,32,918,240],
bar => [124,69,92,69,3,1000,187],
braceright => [125,20,260,39,32,918,240],
asciitilde => [126,50,379,50,391,180,619],
exclamdown => [161,74,126,73,42,718,430],
cent => [162,28,402,26,110,746,334],
sterling => [163,23,421,12,212,734,244],
fraction => [164,-139,415,-139,209,729,252],
yen => [165,-7,470,-7,228,698,264],
florin => [166,-8,431,33,18,947,225],
section => [167,28,400,28,44,911,235],
currency => [168,-2,460,-2,304,560,326],
quotesingle => [169,57,81,57,675,271,244],
quotedblleft => [170,52,306,52,682,273,235],
guillemotleft => [171,72,312,72,304,408,478],
guilsinglleft => [172,68,137,68,304,408,478],
guilsinglright => [173,68,137,68,304,408,478],
fi => [174,8,436,57,228,727,235],
fl => [175,8,436,57,228,727,235],
endash => [177,0,456,0,455,106,629],
dagger => [178,30,396,30,57,889,244],
daggerdbl => [179,30,396,30,57,889,244],
periodcentered => [180,48,132,48,400,162,628],
paragraph => [182,-7,449,14,37,891,262],
bullet => [183,8,271,8,422,330,438],
quotesinglbase => [184,57,114,57,82,273,835],
quotedblbase => [185,52,306,52,82,273,835],
quotedblright => [186,52,306,52,673,273,244],
guillemotright => [187,72,312,72,304,408,478],
ellipsis => [188,75,670,75,228,146,816],
perthousand => [189,-2,824,-2,209,729,252],
questiondown => [191,45,407,49,33,727,430],
grave => [193,-19,204,88,832,146,212],
acute => [194,89,203,-19,832,146,212],
circumflex => [195,-8,289,-8,832,146,212],
tilde => [196,-14,301,-14,838,127,225],
macron => [197,-5,283,-5,832,74,284],
breve => [198,-2,277,-2,832,146,212],
dotaccent => [199,85,104,84,842,115,233],
dieresis => [200,5,263,5,842,115,233],
ring => [202,48,178,47,796,208,186],
cedilla => [203,5,196,72,0,228,962],
hungarumlaut => [205,7,392,-126,832,146,212],
ogonek => [206,58,191,24,0,228,962],
caron => [207,-8,289,-8,832,146,212],
emdash => [208,0,820,0,455,106,629],
AE => [225,4,778,38,228,718,244],
ordfeminine => [227,18,267,18,629,336,225],
Lslash => [232,-16,494,23,228,718,244],
Oslash => [233,27,583,28,201,772,217],
OE => [234,30,758,32,209,756,225],
ordmasculine => [235,5,290,4,629,336,225],
ae => [241,24,680,25,214,560,416],
dotlessi => [245,57,114,57,228,532,430],
lslash => [248,-15,258,-15,228,718,244],
oslash => [249,18,465,18,199,589,402],
oe => [250,28,720,26,214,560,416],
germandbls => [251,57,418,26,214,745,231],
onesuperior => [-1,21,173,79,511,427,252],
minus => [-1,33,413,33,425,112,653],
degree => [-1,47,234,47,654,286,250],
oacute => [-1,28,446,27,214,764,212],
Odieresis => [-1,36,566,36,209,934,47],
odieresis => [-1,28,446,27,214,743,233],
Eacute => [-1,62,447,38,228,936,26],
ucircumflex => [-1,54,393,54,214,764,212],
onequarter => [-1,21,607,56,209,729,252],
logicalnot => [-1,33,413,33,336,311,543],
Ecircumflex => [-1,62,447,38,228,936,26],
onehalf => [-1,21,630,33,209,729,252],
Otilde => [-1,36,566,36,209,942,39],
uacute => [-1,54,393,54,214,764,212],
eacute => [-1,19,414,23,214,764,212],
iacute => [-1,57,213,-42,228,750,212],
Egrave => [-1,62,447,38,228,936,26],
icircumflex => [-1,-30,289,-31,228,750,212],
mu => [-1,54,393,54,21,739,430],
brokenbar => [-1,69,92,69,78,850,262],
thorn => [-1,51,423,27,20,926,244],
Aring => [-1,16,560,16,228,962,0],
yacute => [-1,8,434,14,14,964,212],
Ydieresis => [-1,12,523,12,228,915,47],
trademark => [-1,36,748,36,534,412,244],
registered => [-1,-9,622,-9,209,756,225],
ocircumflex => [-1,28,446,27,214,764,212],
Agrave => [-1,16,560,16,228,936,26],
Scaron => [-1,32,484,31,209,955,26],
Ugrave => [-1,59,475,58,209,955,26],
Edieresis => [-1,62,447,38,228,915,47],
Uacute => [-1,59,475,58,209,955,26],
otilde => [-1,28,446,27,214,751,225],
ntilde => [-1,53,395,53,228,737,225],
ydieresis => [-1,8,434,14,14,943,233],
Aacute => [-1,16,560,16,228,936,26],
eth => [-1,28,446,27,214,751,225],
acircumflex => [-1,24,408,24,214,764,212],
aring => [-1,24,408,24,214,790,186],
Ograve => [-1,36,566,36,209,955,26],
ccedilla => [-1,28,402,26,0,774,416],
multiply => [-1,33,414,32,229,504,457],
divide => [-1,33,413,33,186,590,414],
twosuperior => [-1,7,259,7,511,427,252],
Ntilde => [-1,57,479,56,228,923,39],
ugrave => [-1,54,393,54,214,764,212],
Ucircumflex => [-1,59,475,58,209,955,26],
Atilde => [-1,16,560,16,228,923,39],
zcaron => [-1,16,378,16,228,750,212],
idieresis => [-1,-17,263,-18,228,729,233],
Acircumflex => [-1,16,560,16,228,936,26],
Icircumflex => [-1,-30,289,-31,228,936,26],
Yacute => [-1,12,523,12,228,936,26],
Oacute => [-1,36,566,36,209,955,26],
Adieresis => [-1,16,560,16,228,915,47],
Zcaron => [-1,21,460,20,228,936,26],
agrave => [-1,24,408,24,214,764,212],
threesuperior => [-1,7,260,6,499,439,252],
ograve => [-1,28,446,27,214,764,212],
threequarters => [-1,13,642,29,209,729,252],
Eth => [-1,-4,566,30,228,718,244],
plusminus => [-1,33,413,33,228,506,456],
udieresis => [-1,54,393,54,214,743,233],
edieresis => [-1,19,414,23,214,743,233],
aacute => [-1,24,408,24,214,764,212],
igrave => [-1,-41,212,57,228,750,212],
Idieresis => [-1,-17,263,-18,228,915,47],
adieresis => [-1,24,408,24,214,743,233],
Iacute => [-1,52,218,-42,228,936,26],
copyright => [-1,-9,623,-10,209,756,225],
Igrave => [-1,-41,216,53,228,936,26],
Ccedilla => [-1,36,525,31,0,965,225],
scaron => [-1,25,401,30,214,764,212],
egrave => [-1,19,414,23,214,764,212],
Ocircumflex => [-1,36,566,36,209,955,26],
Thorn => [-1,62,452,33,228,718,244],
atilde => [-1,24,408,24,214,751,225],
Udieresis => [-1,59,475,58,209,934,47],
ecircumflex => [-1,19,414,23,214,764,212],
'.notdef' => [-1,0,0,228,228,0,962]}});
