('Helvetica-Narrow-BoldOblique' => {
  name            => 'Helvetica-Narrow-BoldOblique',
  family          => 'Helvetica Narrow',
  height          => 1190,
  weight          => fw::Bold,
  style           => fs::Bold|fs::Italic,
  pitch           => fp::Variable,
  vector          => 1,
  ascent          => 962,
  descent         => 228,
  maximalWidth    => 1190,
  width           => 1190,
  internalLeading => 190,
  externalLeading => 63,
  firstChar       => 32,
  lastChar        => 251,
  breakChar       => 32,
  defaultChar     => 32,
  xDeviceRes      => 72.27,
  yDeviceRes      => 72.27,
  size            => 1000,
  encoding        => 'Latin1',
  chardata        => {
space => [32,0,0,228,228,0,962],
exclam => [33,77,248,-52,228,718,244],
quotedbl => [34,158,275,-44,675,271,244],
numbersign => [35,49,479,-72,228,698,264],
dollar => [36,55,455,-54,113,890,187],
percent => [37,112,627,-10,209,729,252],
ampersand => [38,73,527,-8,209,737,244],
quoteright => [39,137,160,-69,673,273,244],
parenleft => [40,62,323,-112,20,942,228],
parenright => [41,-21,323,-29,20,942,228],
asterisk => [42,120,274,-75,615,331,244],
plus => [43,67,433,-21,228,506,456],
comma => [44,23,178,27,60,314,816],
hyphen => [45,60,251,-38,443,130,617],
period => [46,52,149,27,228,146,816],
slash => [47,-30,413,-155,209,756,225],
zero => [48,71,435,-50,209,729,252],
one => [49,142,292,22,228,710,252],
two => [50,21,487,-52,228,710,252],
three => [51,54,445,-43,209,729,252],
four => [52,50,440,-34,228,710,252],
five => [53,53,469,-66,209,717,264],
six => [54,70,437,-51,209,729,252],
seven => [55,103,452,-99,228,698,264],
eight => [56,57,448,-49,209,729,252],
nine => [57,64,440,-48,209,729,252],
colon => [58,75,213,-15,228,512,450],
semicolon => [59,46,242,-15,60,680,450],
less => [60,67,470,-58,220,522,448],
equal => [61,48,471,-40,315,332,543],
greater => [62,30,470,-21,220,522,448],
question => [63,135,415,-49,228,727,235],
at => [64,152,630,18,209,756,225],
A => [65,16,560,16,228,718,244],
B => [66,62,564,-34,228,718,244],
C => [67,88,559,-55,209,756,225],
D => [68,62,575,-45,228,718,244],
E => [69,62,558,-73,228,718,244],
F => [70,62,544,-105,228,718,244],
G => [71,89,581,-32,209,756,225],
H => [72,58,601,-67,228,718,244],
I => [73,52,249,-73,228,718,244],
J => [74,49,473,-66,210,736,244],
K => [75,71,632,-111,228,718,244],
L => [76,62,439,0,228,718,244],
M => [77,57,695,-69,228,718,244],
N => [78,57,604,-69,228,718,244],
O => [79,88,587,-37,209,756,225],
P => [80,62,543,-58,228,718,244],
Q => [81,88,587,-37,176,789,225],
R => [82,62,576,-46,228,718,244],
S => [83,66,522,-41,209,756,225],
T => [84,114,502,-115,228,718,244],
U => [85,96,563,-67,209,737,244],
V => [86,141,516,-110,228,718,244],
W => [87,138,749,-113,228,718,244],
X => [88,11,637,-101,228,718,244],
Y => [89,137,524,-114,228,718,244],
Z => [90,21,583,-103,228,718,244],
bracketleft => [91,17,362,-106,32,918,240],
backslash => [92,101,151,-24,209,756,225],
bracketright => [93,-14,361,-74,32,918,240],
asciicircum => [94,107,377,-5,551,375,264],
underscore => [95,-22,465,13,103,50,1037],
quoteleft => [96,136,160,-68,682,273,235],
a => [97,45,433,-22,214,560,416],
b => [98,50,479,-28,214,732,244],
c => [99,65,426,-35,214,560,416],
d => [100,67,510,-76,214,732,244],
e => [101,58,428,-30,214,560,416],
f => [102,71,314,-112,228,727,235],
g => [103,31,515,-45,11,763,416],
h => [104,53,463,-15,228,718,244],
i => [105,57,241,-70,228,725,237],
j => [106,-35,333,-70,14,939,237],
k => [107,57,492,-93,228,718,244],
l => [108,57,240,-69,228,718,244],
m => [109,52,694,-17,228,546,416],
n => [110,53,463,-15,228,546,416],
o => [111,67,460,-26,214,560,416],
p => [112,15,514,-28,21,753,416],
q => [113,66,479,-44,21,753,416],
r => [114,52,349,-82,228,546,416],
s => [115,52,427,-23,214,560,416],
t => [116,82,264,-73,222,682,286],
u => [117,80,460,-39,214,546,430],
v => [118,103,435,-82,228,532,430],
w => [119,101,622,-85,228,532,430],
x => [120,12,519,-75,228,532,430],
y => [121,34,501,-79,14,746,430],
z => [122,16,462,-68,228,532,430],
braceleft => [123,77,348,-106,32,918,240],
bar => [124,30,266,-66,3,1000,187],
braceright => [125,-14,347,-14,32,918,240],
asciitilde => [126,94,379,6,391,180,619],
exclamdown => [161,41,249,-17,42,718,430],
cent => [162,65,426,-35,110,746,334],
sterling => [163,41,479,-64,212,734,244],
fraction => [164,-143,542,-262,209,729,252],
yen => [165,49,536,-129,228,698,264],
florin => [166,-41,589,-92,18,947,225],
section => [167,50,441,-35,44,911,235],
currency => [168,22,536,-102,304,560,326],
quotesingle => [169,135,128,-68,675,271,244],
quotedblleft => [170,132,350,-72,682,273,235],
guillemotleft => [171,111,357,-12,304,408,478],
guilsinglleft => [172,106,183,-16,304,408,478],
guilsinglright => [173,81,183,9,304,408,478],
fi => [174,71,500,-70,228,727,235],
fl => [175,71,499,-69,228,727,235],
endash => [177,40,474,-58,455,106,629],
dagger => [178,97,416,-57,57,889,244],
daggerdbl => [179,38,477,-59,57,889,244],
periodcentered => [180,90,136,2,400,162,628],
paragraph => [182,80,484,-108,37,891,262],
bullet => [183,68,277,-58,422,330,438],
quotesinglbase => [184,34,160,34,82,273,835],
quotedblbase => [185,29,351,30,82,273,835],
quotedblright => [186,133,350,-73,673,273,244],
guillemotright => [187,85,358,13,304,408,478],
ellipsis => [188,75,695,50,228,146,816],
perthousand => [189,62,789,-31,209,729,252],
questiondown => [191,44,415,42,33,727,430],
grave => [193,112,178,-17,832,146,212],
acute => [194,194,229,-150,832,146,212],
circumflex => [195,97,290,-114,832,146,212],
tilde => [196,92,323,-142,838,127,225],
macron => [197,100,296,-123,832,74,284],
breve => [198,128,277,-132,832,146,212],
dotaccent => [199,192,124,-43,842,115,233],
dieresis => [200,112,283,-122,842,115,233],
ring => [202,164,180,-71,796,208,186],
cedilla => [203,-30,210,93,0,228,962],
hungarumlaut => [205,113,416,-256,832,146,212],
ogonek => [206,33,183,57,0,228,962],
caron => [207,123,289,-139,832,146,212],
emdash => [208,40,838,-58,455,106,629],
AE => [225,4,898,-82,228,718,244],
ordfeminine => [227,102,279,-78,629,336,225],
Lslash => [232,28,473,0,228,718,244],
Oslash => [233,29,704,-95,201,772,217],
OE => [234,81,832,-93,209,756,225],
ordmasculine => [235,101,297,-99,629,336,225],
ae => [241,46,711,-28,214,560,416],
dotlessi => [245,57,207,-36,228,532,430],
lslash => [248,33,301,-106,228,718,244],
oslash => [249,18,557,-74,199,589,402],
oe => [250,67,734,-27,214,560,416],
germandbls => [251,57,482,-38,214,745,231],
onesuperior => [-1,121,197,-45,511,427,252],
minus => [-1,67,433,-21,425,112,653],
degree => [-1,143,240,-55,654,286,250],
oacute => [-1,67,470,-36,214,764,212],
Odieresis => [-1,88,587,-37,209,934,47],
odieresis => [-1,67,460,-26,214,743,233],
Eacute => [-1,62,558,-73,228,936,26],
ucircumflex => [-1,80,460,-39,214,764,212],
onequarter => [-1,108,553,23,209,729,252],
logicalnot => [-1,86,433,-40,336,311,543],
Ecircumflex => [-1,62,558,-73,228,936,26],
onehalf => [-1,108,596,-20,209,729,252],
Otilde => [-1,88,587,-37,209,942,39],
uacute => [-1,80,460,-39,214,764,212],
eacute => [-1,58,456,-58,214,764,212],
iacute => [-1,57,344,-173,228,750,212],
Egrave => [-1,62,558,-73,228,936,26],
icircumflex => [-1,57,307,-136,228,750,212],
mu => [-1,18,522,-39,21,739,430],
brokenbar => [-1,43,240,-53,78,850,262],
thorn => [-1,15,514,-28,20,926,244],
Aring => [-1,16,560,16,228,962,0],
yacute => [-1,34,501,-79,14,964,212],
Ydieresis => [-1,137,524,-114,228,915,47],
trademark => [-1,146,763,-89,534,412,244],
registered => [-1,45,639,-80,209,756,225],
ocircumflex => [-1,67,460,-26,214,764,212],
Agrave => [-1,16,560,16,228,936,26],
Scaron => [-1,66,522,-41,209,955,26],
Ugrave => [-1,96,563,-67,209,955,26],
Edieresis => [-1,62,558,-73,228,915,47],
Uacute => [-1,96,563,-67,209,955,26],
otilde => [-1,67,462,-28,214,751,225],
ntilde => [-1,53,476,-28,228,737,225],
ydieresis => [-1,34,501,-79,14,943,233],
Aacute => [-1,16,599,-23,228,936,26],
eth => [-1,67,482,-48,214,751,225],
acircumflex => [-1,45,433,-22,214,764,212],
aring => [-1,45,433,-22,214,790,186],
Ograve => [-1,88,587,-37,209,955,26],
ccedilla => [-1,65,426,-35,0,774,416],
multiply => [-1,47,473,-41,229,504,457],
divide => [-1,67,433,-21,186,590,414],
twosuperior => [-1,57,311,-95,511,427,252],
Ntilde => [-1,57,604,-69,228,923,39],
ugrave => [-1,80,460,-39,214,764,212],
Ucircumflex => [-1,96,563,-67,209,955,26],
Atilde => [-1,16,592,-16,228,923,39],
zcaron => [-1,16,465,-71,228,750,212],
idieresis => [-1,57,316,-145,228,729,233],
Acircumflex => [-1,16,563,13,228,936,26],
Icircumflex => [-1,52,345,-169,228,936,26],
Yacute => [-1,137,524,-114,228,936,26],
Oacute => [-1,88,587,-37,209,955,26],
Adieresis => [-1,16,572,4,228,915,47],
Zcaron => [-1,21,583,-103,228,936,26],
agrave => [-1,45,433,-22,214,764,212],
threesuperior => [-1,75,286,-88,499,439,252],
ograve => [-1,67,460,-26,214,764,212],
threequarters => [-1,82,606,-4,209,729,252],
Eth => [-1,51,586,-45,228,718,244],
plusminus => [-1,33,479,-33,228,506,456],
udieresis => [-1,80,460,-39,214,743,233],
edieresis => [-1,58,429,-31,214,743,233],
aacute => [-1,45,469,-58,214,764,212],
igrave => [-1,57,211,-40,228,750,212],
Idieresis => [-1,52,353,-177,228,915,47],
adieresis => [-1,45,442,-31,214,743,233],
Iacute => [-1,52,381,-205,228,936,26],
copyright => [-1,46,639,-81,209,756,225],
Igrave => [-1,52,249,-73,228,936,26],
Ccedilla => [-1,88,559,-55,0,965,225],
scaron => [-1,52,452,-48,214,764,212],
egrave => [-1,58,428,-30,214,764,212],
Ocircumflex => [-1,88,587,-37,209,955,26],
Thorn => [-1,62,526,-41,228,718,244],
atilde => [-1,45,462,-51,214,751,225],
Udieresis => [-1,96,563,-67,209,934,47],
ecircumflex => [-1,58,428,-30,214,764,212],
'.notdef' => [-1,0,0,228,228,0,962]}});
