('Helvetica-Oblique' => {
  name            => 'Helvetica-Oblique',
  family          => 'Helvetica',
  height          => 1156,
  weight          => fw::Medium,
  style           => fs::Italic,
  pitch           => fp::Variable,
  vector          => 1,
  ascent          => 931,
  descent         => 225,
  maximalWidth    => 1156,
  width           => 1156,
  internalLeading => 156,
  externalLeading => 52,
  firstChar       => 32,
  lastChar        => 251,
  breakChar       => 32,
  defaultChar     => 32,
  xDeviceRes      => 72.27,
  yDeviceRes      => 72.27,
  size            => 1000,
  encoding        => 'Latin1',
  chardata        => {
space => [32,0,0,278,225,0,931],
exclam => [33,90,250,-62,225,718,213],
quotedbl => [34,168,270,-83,688,255,213],
numbersign => [35,73,558,-75,225,688,243],
dollar => [36,69,548,-61,110,890,156],
percent => [37,147,742,0,206,722,228],
ampersand => [38,77,570,20,210,733,213],
quoteright => [39,151,159,-88,688,255,213],
parenleft => [40,108,346,-121,18,940,198],
parenright => [41,-9,346,-4,18,940,198],
asterisk => [42,165,310,-86,656,287,213],
plus => [43,85,521,-22,225,505,426],
comma => [44,56,158,64,78,253,825],
hyphen => [45,93,264,-24,457,90,609],
period => [46,87,127,64,225,106,825],
slash => [47,-21,473,-174,206,756,194],
zero => [48,93,515,-52,206,722,228],
one => [49,207,301,48,225,703,228],
two => [50,26,591,-61,225,703,228],
three => [51,75,535,-54,206,722,228],
four => [52,61,515,-20,225,703,228],
five => [53,68,553,-65,206,707,243],
six => [54,91,524,-59,206,722,228],
seven => [55,137,532,-113,225,688,243],
eight => [56,74,533,-51,206,722,228],
nine => [57,82,527,-53,206,722,228],
colon => [58,87,214,-23,225,516,415],
semicolon => [59,56,245,-23,78,663,415],
less => [60,94,547,-57,236,484,436],
equal => [61,63,565,-44,340,275,541],
greater => [62,50,547,-13,236,484,436],
question => [63,161,449,-54,225,727,204],
at => [64,215,750,50,206,756,194],
A => [65,14,640,13,225,718,213],
B => [66,74,638,-45,225,718,213],
C => [67,108,674,-60,206,756,194],
D => [68,81,683,-42,225,718,213],
E => [69,86,676,-95,225,718,213],
F => [70,86,650,-125,225,718,213],
G => [71,111,688,-21,206,756,194],
H => [72,77,722,-77,225,718,213],
I => [73,91,250,-63,225,718,213],
J => [74,47,534,-81,206,737,213],
K => [75,76,732,-141,225,718,213],
L => [76,76,479,1,225,718,213],
M => [77,73,841,-81,225,718,213],
N => [78,76,723,-77,225,718,213],
O => [79,105,721,-48,206,756,194],
P => [80,86,651,-70,225,718,213],
Q => [81,105,721,-48,169,793,194],
R => [82,88,685,-51,225,718,213],
S => [83,90,623,-46,206,756,194],
T => [84,148,602,-139,225,718,213],
U => [85,123,674,-75,206,737,213],
V => [86,173,627,-133,225,718,213],
W => [87,169,912,-137,225,718,213],
X => [88,19,771,-123,225,718,213],
Y => [89,167,639,-139,225,718,213],
Z => [90,23,718,-130,225,718,213],
bracketleft => [91,21,382,-125,29,918,209],
backslash => [92,140,151,-13,206,756,194],
bracketright => [93,-14,382,-90,29,918,209],
asciicircum => [94,42,497,-70,489,424,243],
underscore => [95,-27,567,16,100,50,1006],
quoteleft => [96,165,158,-101,695,255,206],
a => [97,61,498,-3,210,553,393],
b => [98,58,526,-28,210,733,213],
c => [99,74,479,-53,210,553,393],
d => [100,84,568,-96,210,733,213],
e => [101,84,494,-22,210,553,393],
f => [102,86,330,-138,225,728,203],
g => [103,42,568,-54,5,758,393],
h => [104,65,508,-17,225,718,213],
i => [105,67,241,-86,225,718,213],
j => [106,-60,368,-86,15,928,213],
k => [107,67,533,-100,225,718,213],
l => [108,67,241,-86,225,718,213],
m => [109,65,787,-19,225,538,393],
n => [110,65,508,-17,225,538,393],
o => [111,83,502,-29,211,552,393],
p => [112,14,570,-28,18,745,393],
q => [113,84,521,-49,18,745,393],
r => [114,77,369,-113,225,538,393],
s => [115,63,466,-29,210,553,393],
t => [116,102,266,-90,218,676,262],
u => [117,94,506,-44,210,538,408],
v => [118,119,484,-103,225,523,408],
w => [119,125,695,-98,225,523,408],
x => [120,11,583,-94,225,523,408],
y => [121,15,585,-100,11,737,408],
z => [122,31,540,-71,225,523,408],
braceleft => [123,92,353,-111,29,918,209],
bar => [124,46,286,-72,0,1000,156],
braceright => [125,0,354,-20,29,918,209],
asciitilde => [126,111,469,4,405,146,605],
exclamdown => [161,77,249,7,30,718,408],
cent => [162,95,489,-28,110,738,308],
sterling => [163,49,585,-78,209,734,213],
fraction => [164,-170,652,-315,206,722,228],
yen => [165,81,618,-143,225,688,243],
florin => [166,-52,706,-98,18,944,194],
section => [167,76,508,-28,34,928,194],
currency => [168,60,586,-90,324,504,328],
quotesingle => [169,157,128,-94,688,255,213],
quotedblleft => [170,138,323,-128,695,255,206],
guillemotleft => [171,146,408,2,333,338,485],
guilsinglleft => [172,137,203,-7,333,338,485],
guilsinglright => [173,111,203,19,333,338,485],
fi => [174,86,501,-87,225,728,203],
fl => [175,86,499,-85,225,728,203],
endash => [177,51,572,-67,465,73,618],
dagger => [178,135,487,-66,66,877,213],
daggerdbl => [179,52,571,-67,66,877,213],
periodcentered => [180,129,128,21,415,125,616],
paragraph => [182,126,524,-113,52,891,213],
bullet => [183,91,322,-63,427,315,414],
quotesinglbase => [184,21,159,42,76,255,825],
quotedblbase => [185,-6,324,15,76,255,825],
quotedblright => [186,124,324,-115,688,255,213],
guillemotright => [187,120,408,28,333,338,485],
ellipsis => [188,115,793,92,225,106,825],
perthousand => [189,88,941,-29,206,722,228],
questiondown => [191,85,449,77,24,726,406],
grave => [193,170,167,-4,818,141,197],
acute => [194,248,227,-142,818,141,197],
circumflex => [195,147,291,-105,818,141,197],
tilde => [196,125,365,-157,831,116,209],
macron => [197,143,325,-135,852,57,247],
breve => [198,167,309,-143,820,136,200],
dotaccent => [199,249,113,-29,829,102,225],
dieresis => [200,168,275,-110,829,102,225],
ring => [202,214,188,-69,797,184,175],
cedilla => [203,2,230,101,0,225,931],
hungarumlaut => [205,157,408,-232,818,141,197],
ogonek => [206,43,206,84,0,225,931],
caron => [207,177,291,-135,818,141,197],
emdash => [208,51,1016,-67,465,73,618],
AE => [225,8,1089,-97,225,718,213],
ordfeminine => [227,127,322,-79,630,332,194],
Lslash => [232,41,514,1,225,718,213],
Oslash => [233,43,847,-112,206,756,194],
OE => [234,98,1018,-116,206,756,194],
ordmasculine => [235,141,327,-103,630,332,194],
ae => [241,61,848,-20,210,553,393],
dotlessi => [245,95,199,-16,225,523,408],
lslash => [248,41,306,-125,225,718,213],
oslash => [249,29,618,-36,203,567,386],
oe => [250,83,881,-20,210,553,393],
germandbls => [251,67,591,-47,210,743,203],
Idieresis => [-1,91,367,-180,225,901,30],
eacute => [-1,84,503,-31,210,749,197],
abreve => [-1,61,517,-22,210,746,200],
uhungarumlaut => [-1,94,583,-121,210,749,197],
ecaron => [-1,84,496,-24,210,749,197],
Ydieresis => [-1,167,639,-139,225,901,30],
divide => [-1,85,521,-22,206,543,407],
Yacute => [-1,167,639,-139,225,929,2],
Acircumflex => [-1,14,640,13,225,929,2],
aacute => [-1,61,526,-31,210,749,197],
Ucircumflex => [-1,123,674,-75,206,948,2],
yacute => [-1,15,585,-100,11,948,197],
scommaaccent => [-1,63,466,-29,0,763,393],
ecircumflex => [-1,84,494,-22,210,749,197],
Uring => [-1,123,674,-75,206,950,0],
Udieresis => [-1,123,674,-75,206,920,30],
aogonek => [-1,61,498,-3,5,758,393],
Uacute => [-1,123,674,-75,206,948,2],
uogonek => [-1,94,506,-44,0,748,408],
Edieresis => [-1,86,676,-95,225,901,30],
Dcroat => [-1,69,695,-42,225,718,213],
commaaccent => [-1,39,133,78,0,185,971],
copyright => [-1,54,783,-100,206,756,194],
Emacron => [-1,86,676,-95,225,879,52],
ccaron => [-1,74,479,-53,210,749,197],
aring => [-1,61,498,-3,210,771,175],
Ncommaaccent => [-1,76,723,-77,0,943,213],
lacute => [-1,67,394,-239,225,929,2],
agrave => [-1,61,498,-3,210,749,197],
Tcommaaccent => [-1,148,602,-139,0,943,213],
Cacute => [-1,108,674,-60,206,948,2],
atilde => [-1,61,531,-36,210,737,209],
Edotaccent => [-1,86,676,-95,225,901,30],
scaron => [-1,63,489,-52,210,749,197],
scedilla => [-1,63,466,-29,0,763,393],
iacute => [-1,95,353,-170,225,734,197],
lozenge => [-1,88,452,-69,225,728,203],
Rcaron => [-1,88,685,-51,225,929,2],
Gcommaaccent => [-1,111,688,-21,0,962,194],
ucircumflex => [-1,94,506,-44,210,749,197],
acircumflex => [-1,61,498,-3,210,749,197],
Amacron => [-1,14,663,-10,225,879,52],
rcaron => [-1,77,431,-175,225,734,197],
ccedilla => [-1,74,479,-53,0,763,393],
Zdotaccent => [-1,23,718,-130,225,901,30],
Thorn => [-1,86,626,-45,225,718,213],
Omacron => [-1,105,721,-48,206,898,52],
Racute => [-1,88,685,-51,225,929,2],
Sacute => [-1,90,623,-46,206,948,2],
dcaron => [-1,84,724,-165,210,733,213],
Umacron => [-1,123,674,-75,206,898,52],
uring => [-1,94,506,-44,210,771,175],
threesuperior => [-1,90,346,-103,495,433,228],
Ograve => [-1,105,721,-48,206,948,2],
Agrave => [-1,14,640,13,225,929,2],
Abreve => [-1,14,671,-18,225,926,5],
multiply => [-1,50,592,-58,225,506,425],
uacute => [-1,94,506,-44,210,749,197],
Tcaron => [-1,148,602,-139,225,929,2],
partialdiff => [-1,41,509,-74,187,752,217],
ydieresis => [-1,15,585,-100,11,920,225],
Nacute => [-1,76,723,-77,225,929,2],
icircumflex => [-1,95,316,-133,225,734,197],
Ecircumflex => [-1,86,676,-95,225,929,2],
adieresis => [-1,61,498,-3,210,721,225],
edieresis => [-1,84,494,-22,210,721,225],
cacute => [-1,74,485,-59,210,749,197],
nacute => [-1,65,522,-31,225,734,197],
umacron => [-1,94,506,-44,210,699,247],
Ncaron => [-1,76,723,-77,225,929,2],
Iacute => [-1,91,398,-211,225,929,2],
plusminus => [-1,39,579,-34,225,506,425],
brokenbar => [-1,62,254,-56,75,850,231],
registered => [-1,54,783,-100,206,756,194],
Gbreve => [-1,111,688,-21,206,945,5],
Idotaccent => [-1,91,286,-99,225,901,30],
summation => [-1,15,656,-71,215,716,225],
Egrave => [-1,86,676,-95,225,929,2],
racute => [-1,77,398,-142,225,734,197],
omacron => [-1,83,502,-29,211,698,247],
Zacute => [-1,23,718,-130,225,929,2],
Zcaron => [-1,23,718,-130,225,929,2],
greaterequal => [-1,26,594,-71,225,674,257],
Eth => [-1,69,695,-42,225,718,213],
Ccedilla => [-1,108,674,-60,0,962,194],
lcommaaccent => [-1,25,283,-86,0,943,213],
tcaron => [-1,102,399,-184,218,815,123],
eogonek => [-1,84,494,-22,0,763,393],
Uogonek => [-1,123,674,-75,0,943,213],
Aacute => [-1,14,669,-16,225,929,2],
Adieresis => [-1,14,640,13,225,901,30],
egrave => [-1,84,494,-22,210,749,197],
zacute => [-1,31,540,-71,225,734,197],
iogonek => [-1,-61,369,-86,0,943,213],
Oacute => [-1,105,721,-48,206,948,2],
oacute => [-1,83,504,-31,211,748,197],
amacron => [-1,61,519,-24,210,699,247],
sacute => [-1,63,496,-59,210,749,197],
idieresis => [-1,95,321,-138,225,706,225],
Ocircumflex => [-1,105,721,-48,206,948,2],
Ugrave => [-1,123,674,-75,206,948,2],
Delta => [-1,6,602,4,225,688,243],
thorn => [-1,14,570,-28,18,925,213],
twosuperior => [-1,64,385,-116,506,422,228],
Odieresis => [-1,105,721,-48,206,920,30],
mu => [-1,24,576,-44,18,730,408],
igrave => [-1,95,215,-32,225,734,197],
ohungarumlaut => [-1,83,594,-121,211,748,197],
Eogonek => [-1,86,676,-95,5,938,213],
dcroat => [-1,84,605,-133,210,733,213],
threequarters => [-1,130,731,-27,206,722,228],
Scedilla => [-1,90,623,-46,0,962,194],
lcaron => [-1,67,397,-165,225,718,213],
Kcommaaccent => [-1,76,732,-141,0,943,213],
Lacute => [-1,76,479,1,225,929,2],
trademark => [-1,186,870,-56,531,412,213],
edotaccent => [-1,84,494,-22,210,721,225],
Igrave => [-1,91,260,-73,225,929,2],
Imacron => [-1,91,392,-205,225,879,52],
Lcaron => [-1,76,494,-14,225,718,213],
onehalf => [-1,114,725,-5,206,722,228],
lessequal => [-1,26,640,-117,225,674,257],
ocircumflex => [-1,83,502,-29,211,748,197],
ntilde => [-1,65,527,-36,225,722,209],
Uhungarumlaut => [-1,123,678,-79,206,948,2],
Eacute => [-1,86,676,-95,225,929,2],
emacron => [-1,84,496,-24,210,699,247],
gbreve => [-1,42,568,-54,5,951,200],
onequarter => [-1,150,652,32,206,722,228],
Scaron => [-1,90,623,-46,206,948,2],
Scommaaccent => [-1,90,623,-46,0,962,194],
Ohungarumlaut => [-1,105,724,-51,206,948,2],
degree => [-1,169,299,-68,636,292,228],
ograve => [-1,83,502,-29,211,748,197],
Ccaron => [-1,108,674,-60,206,948,2],
ugrave => [-1,94,506,-44,210,749,197],
radical => [-1,79,538,-164,145,842,169],
Dcaron => [-1,81,683,-42,225,929,2],
rcommaaccent => [-1,30,416,-113,0,763,393],
Ntilde => [-1,76,723,-77,225,917,14],
otilde => [-1,83,519,-46,211,736,209],
Rcommaaccent => [-1,88,685,-51,0,943,213],
Lcommaaccent => [-1,76,479,1,0,943,213],
Atilde => [-1,14,685,-32,225,917,14],
Aogonek => [-1,14,640,13,0,943,213],
Aring => [-1,14,640,13,225,931,0],
Otilde => [-1,105,721,-48,206,936,14],
zdotaccent => [-1,31,540,-71,225,706,225],
Ecaron => [-1,86,676,-95,225,929,2],
Iogonek => [-1,-33,374,-63,0,943,213],
kcommaaccent => [-1,67,533,-100,0,943,213],
minus => [-1,85,521,-22,441,73,642],
Icircumflex => [-1,91,361,-174,225,929,2],
ncaron => [-1,65,515,-24,225,734,197],
tcommaaccent => [-1,63,305,-90,0,894,262],
logicalnot => [-1,106,522,-44,333,282,541],
odieresis => [-1,83,502,-29,211,720,225],
udieresis => [-1,94,506,-44,210,721,225],
notequal => [-1,34,589,-74,190,586,380],
gcommaaccent => [-1,42,568,-54,5,1042,109],
eth => [-1,81,536,-61,210,752,194],
zcaron => [-1,31,540,-71,225,734,197],
ncommaaccent => [-1,65,508,-17,0,763,393],
onesuperior => [-1,166,205,-38,506,422,228],
imacron => [-1,95,322,-139,225,684,247],
Euro => [-1,0,0,556,225,0,931],
Ccircumflex => [-1,112,658,-48,202,1002,-48],
ccircumflex => [-1,76,478,-54,202,797,157],
Cdotaccent => [-1,112,658,-48,202,955,-1],
cdotaccent => [-1,76,478,-54,202,750,204],
Ebreve => [-1,90,661,-84,225,964,-33],
ebreve => [-1,84,508,-36,202,782,172],
Gcircumflex => [-1,109,700,-31,202,1002,-48],
gcircumflex => [-1,32,569,-45,7,992,157],
Gdotaccent => [-1,109,700,-31,202,955,-1],
gdotaccent => [-1,32,569,-45,7,945,204],
Hcircumflex => [-1,83,716,-77,225,979,-48],
hcircumflex => [-1,70,530,-44,225,979,-48],
Hbar => [-1,103,761,-92,225,729,202],
hbar => [-1,89,504,-18,225,729,202],
Itilde => [-1,100,405,-227,225,937,-6],
itilde => [-1,94,357,-173,225,732,199],
Ibreve => [-1,100,403,-225,225,964,-33],
ibreve => [-1,94,354,-170,225,759,172],
IJ => [-1,100,712,-70,202,752,202],
ij => [-1,66,377,-81,7,947,202],
Jcircumflex => [-1,47,646,-193,202,974,-20],
jcircumflex => [-1,-65,452,-165,7,1046,103],
kgreenlandic => [-1,70,523,-83,225,524,407],
Ldot => [-1,80,471,5,225,729,202],
ldot => [-1,68,377,55,225,729,202],
napostrophe => [-1,70,504,-18,225,788,143],
Eng => [-1,76,725,-79,69,885,202],
eng => [-1,70,504,-18,99,665,392],
Obreve => [-1,104,724,-50,202,987,-33],
obreve => [-1,80,505,-29,202,782,172],
Scircumflex => [-1,89,625,-47,202,1002,-48],
scircumflex => [-1,61,460,-21,202,797,157],
Tbar => [-1,158,590,-137,225,729,202],
tbar => [-1,66,300,-88,202,691,263],
Tcedilla => [-1,148,602,-139,0,943,213],
tcedilla => [-1,63,305,-90,0,894,262],
Utilde => [-1,124,676,-78,202,960,-6],
utilde => [-1,88,506,-38,202,755,199],
Ubreve => [-1,124,676,-78,202,987,-33],
ubreve => [-1,88,506,-38,202,782,172],
Wcircumflex => [-1,177,907,-140,225,979,-48],
wcircumflex => [-1,118,702,-98,225,774,157],
Ycircumflex => [-1,168,648,-149,225,979,-48],
ycircumflex => [-1,8,582,-90,7,992,157],
longs => [-1,89,324,-135,225,732,199],
infinity => [-1,79,819,-60,344,428,384],
'.notdef' => [-1,0,0,278,225,0,931]}});
