('NewCenturySchlbk-Italic' => {
  name            => 'NewCenturySchlbk-Italic',
  family          => 'New Century Schoolbook',
  height          => 1208,
  weight          => fw::Medium,
  style           => fs::Italic,
  pitch           => fp::Variable,
  vector          => 1,
  ascent          => 958,
  descent         => 250,
  maximalWidth    => 1208,
  width           => 1208,
  internalLeading => 208,
  externalLeading => 69,
  firstChar       => 32,
  lastChar        => 251,
  breakChar       => 32,
  defaultChar     => 32,
  xDeviceRes      => 72.27,
  yDeviceRes      => 72.27,
  size            => 1000,
  encoding        => 'Latin1',
  chardata        => {
space => [32,0,0,278,250,0,958],
exclam => [33,17,286,30,235,752,221],
quotedbl => [34,127,236,37,713,274,221],
numbersign => [35,28,500,28,250,690,268],
dollar => [36,4,532,20,108,950,150],
percent => [37,43,747,43,235,720,253],
ampersand => [38,24,749,79,235,752,221],
quoteright => [39,39,190,-25,713,274,221],
parenleft => [40,53,358,-78,133,862,213],
parenright => [41,-93,358,68,133,862,213],
asterisk => [42,80,420,0,568,419,221],
plus => [43,50,506,50,250,506,452],
comma => [44,-39,190,127,85,274,849],
hyphen => [45,32,227,74,452,72,684],
period => [46,17,124,137,235,124,849],
slash => [47,132,342,132,235,752,221],
zero => [48,30,496,30,235,720,253],
one => [49,50,409,97,250,705,253],
two => [50,-37,543,50,250,705,253],
three => [51,-2,508,50,235,720,253],
four => [52,-8,520,44,250,705,253],
five => [53,4,536,16,235,720,253],
six => [54,36,512,8,235,720,253],
seven => [55,69,492,-5,235,720,253],
eight => [56,6,520,30,235,720,253],
nine => [57,8,512,36,235,720,253],
colon => [58,17,212,49,235,481,492],
semicolon => [59,-39,268,49,85,631,492],
less => [60,36,506,64,242,522,444],
equal => [61,50,506,50,367,272,569],
greater => [62,64,506,36,242,522,444],
question => [63,102,315,27,235,752,221],
at => [64,-2,752,-3,235,752,221],
A => [65,-87,755,36,250,737,221],
B => [66,-33,703,52,250,722,236],
C => [67,40,672,10,235,752,221],
D => [68,-33,771,40,250,722,236],
E => [69,-33,733,22,250,722,236],
F => [70,-33,733,-33,250,722,236],
G => [71,40,723,15,235,752,221],
H => [72,-33,899,-33,250,722,236],
I => [73,-33,468,-28,250,722,236],
J => [74,-14,665,-40,235,737,236],
K => [75,-33,849,-75,250,722,236],
L => [76,-33,660,40,250,722,236],
M => [77,-33,1010,-33,250,722,236],
N => [78,-51,917,-51,235,737,236],
O => [79,40,698,40,235,752,221],
P => [80,-33,700,0,250,722,236],
Q => [81,40,698,40,60,927,221],
R => [82,-45,737,49,235,737,236],
S => [83,-6,644,29,235,752,221],
T => [84,40,685,-40,250,722,236],
U => [85,93,774,-52,235,737,236],
V => [86,36,743,-75,240,732,236],
W => [87,53,925,-52,240,732,236],
X => [88,-75,854,-75,250,722,236],
Y => [89,31,729,-75,250,722,236],
Z => [90,-25,692,0,250,722,236],
bracketleft => [91,-55,443,-55,141,846,221],
backslash => [92,132,342,132,235,752,221],
bracketright => [93,-77,443,-33,141,846,221],
asciicircum => [94,89,428,89,575,365,268],
underscore => [95,0,500,0,125,50,1033],
quoteleft => [96,39,190,-25,713,274,221],
a => [97,2,522,50,235,481,492],
b => [98,32,456,68,235,752,221],
c => [99,2,392,50,235,481,492],
d => [100,2,583,26,235,752,221],
e => [101,-6,394,56,235,481,492],
f => [102,-68,538,-137,45,942,221],
g => [103,-79,602,14,45,702,461],
h => [104,14,548,49,235,752,221],
i => [105,29,253,51,235,730,243],
j => [106,-166,484,-3,45,920,243],
k => [107,0,497,59,235,752,221],
l => [108,14,278,41,235,752,221],
m => [109,14,826,49,235,481,492],
n => [110,14,548,49,235,481,492],
o => [111,2,448,50,235,481,492],
p => [112,-101,607,68,45,671,492],
q => [113,2,498,56,45,671,492],
r => [114,10,424,10,250,466,492],
s => [115,2,392,50,235,481,492],
t => [116,24,304,24,235,634,339],
u => [117,44,512,55,235,481,492],
v => [118,31,416,72,235,481,492],
w => [119,31,675,72,235,481,492],
x => [120,-33,504,29,235,481,492],
y => [121,-83,533,50,45,671,492],
z => [122,-33,449,47,235,481,492],
braceleft => [123,38,356,-61,141,846,221],
bar => [124,267,72,267,0,1000,208],
braceright => [125,-87,356,64,141,846,221],
asciitilde => [126,72,462,72,434,138,636],
exclamdown => [161,-22,286,69,45,752,411],
cent => [162,62,424,70,106,724,378],
sterling => [163,-13,557,12,235,720,253],
fraction => [164,-134,435,-134,235,720,253],
yen => [165,40,584,-68,250,690,268],
florin => [166,-58,627,-13,45,942,221],
section => [167,-10,490,20,103,884,221],
currency => [168,26,504,26,343,504,361],
quotesingle => [169,151,86,41,713,274,221],
quotedblleft => [170,39,367,-17,713,274,221],
guillemotleft => [171,-15,417,24,324,328,556],
guilsinglleft => [172,40,219,74,324,328,556],
guilsinglright => [173,40,219,74,324,328,556],
fi => [174,-68,623,56,45,942,221],
fl => [175,-68,655,24,45,942,221],
endash => [177,-27,514,13,458,60,690],
dagger => [178,51,455,-6,103,884,221],
daggerdbl => [179,-54,560,-6,103,884,221],
periodcentered => [180,71,136,71,488,136,584],
paragraph => [182,48,617,-15,118,854,236],
bullet => [183,122,362,122,430,362,416],
quotesinglbase => [184,-78,190,92,85,274,849],
quotedblbase => [185,-78,367,100,85,274,849],
quotedblright => [186,39,367,-17,713,274,221],
guillemotright => [187,-15,417,24,324,328,556],
ellipsis => [188,59,790,151,235,124,849],
perthousand => [189,6,988,6,235,720,253],
questiondown => [191,-3,315,132,45,752,411],
grave => [193,71,191,71,768,172,268],
acute => [194,132,223,-22,768,172,268],
circumflex => [195,37,294,2,768,172,268],
tilde => [196,52,331,-50,797,102,309],
macron => [197,52,311,-30,810,50,348],
breve => [198,69,301,-37,768,159,281],
dotaccent => [199,146,109,78,856,109,243],
dieresis => [200,59,300,-26,856,102,250],
ring => [202,114,200,19,762,200,246],
cedilla => [203,3,212,118,35,215,958],
hungarumlaut => [205,32,423,-122,768,172,268],
ogonek => [206,46,288,-1,30,224,954],
caron => [207,73,305,-45,768,172,268],
emdash => [208,-27,1014,13,458,60,690],
AE => [225,-87,975,-18,250,722,236],
ordfeminine => [227,72,348,2,666,289,253],
Lslash => [232,-33,660,40,250,722,236],
Oslash => [233,16,732,30,182,848,178],
OE => [234,40,935,6,250,722,236],
ordmasculine => [235,66,304,2,666,289,253],
ae => [241,-18,684,56,235,481,492],
dotlessi => [245,29,253,51,235,481,492],
lslash => [248,-2,296,39,235,752,221],
oslash => [249,2,448,50,129,670,409],
oe => [250,2,720,56,235,481,492],
germandbls => [251,-76,601,31,45,942,221],
Idieresis => [-1,-33,489,-49,250,902,56],
eacute => [-1,-6,417,33,235,705,268],
abreve => [-1,2,522,50,235,692,281],
uhungarumlaut => [-1,44,550,17,235,705,268],
ecaron => [-1,-6,440,10,235,705,268],
Ydieresis => [-1,31,729,-75,250,902,56],
divide => [-1,50,506,50,228,550,430],
Yacute => [-1,31,729,-75,250,946,12],
Acircumflex => [-1,-87,755,36,250,946,12],
aacute => [-1,2,522,50,235,705,268],
Ucircumflex => [-1,93,774,-52,235,961,12],
yacute => [-1,-83,533,50,45,895,268],
scommaaccent => [-1,2,392,50,0,716,492],
ecircumflex => [-1,-6,394,56,235,705,268],
Uring => [-1,93,774,-52,235,973,0],
Udieresis => [-1,93,774,-52,235,917,56],
aogonek => [-1,2,532,40,25,691,492],
Uacute => [-1,93,774,-52,235,961,12],
uogonek => [-1,44,512,55,25,691,492],
Edieresis => [-1,-33,733,22,250,902,56],
Dcroat => [-1,-33,771,40,250,722,236],
commaaccent => [-1,-24,171,103,0,200,1008],
copyright => [-1,-2,752,-3,235,752,221],
Emacron => [-1,-33,733,22,250,866,92],
ccaron => [-1,2,432,10,235,705,268],
aring => [-1,2,522,50,235,727,246],
Ncommaaccent => [-1,-51,917,-51,0,972,236],
lacute => [-1,14,401,-82,235,973,0],
agrave => [-1,2,522,50,235,705,268],
Tcommaaccent => [-1,40,685,-40,0,972,236],
Cacute => [-1,40,672,10,235,961,12],
atilde => [-1,2,522,50,235,664,309],
Edotaccent => [-1,-33,733,22,250,909,49],
scaron => [-1,2,432,10,235,705,268],
scedilla => [-1,2,392,50,35,681,492],
iacute => [-1,29,326,-22,235,705,268],
lozenge => [-1,10,452,9,250,728,230],
Rcaron => [-1,-45,737,49,235,961,12],
Gcommaaccent => [-1,40,723,15,0,987,221],
ucircumflex => [-1,44,512,55,235,705,268],
acircumflex => [-1,2,522,50,235,705,268],
Amacron => [-1,-87,755,36,250,866,92],
rcaron => [-1,10,424,10,250,690,268],
ccedilla => [-1,2,392,50,35,681,492],
Zdotaccent => [-1,-25,692,0,250,909,49],
Thorn => [-1,-33,660,40,250,722,236],
Omacron => [-1,40,698,40,235,881,92],
Racute => [-1,-45,737,49,235,961,12],
Sacute => [-1,-6,644,29,235,961,12],
dcaron => [-1,2,727,-78,235,752,221],
Umacron => [-1,93,774,-52,235,881,92],
uring => [-1,44,512,55,235,727,246],
threesuperior => [-1,22,337,-26,523,432,253],
Ograve => [-1,40,698,40,235,961,12],
Agrave => [-1,-87,755,36,250,946,12],
Abreve => [-1,-87,755,36,250,933,25],
multiply => [-1,74,458,74,274,458,476],
uacute => [-1,44,512,55,235,705,268],
Tcaron => [-1,40,685,-40,250,946,12],
partialdiff => [-1,13,450,13,212,752,244],
ydieresis => [-1,-83,533,50,45,851,312],
Nacute => [-1,-51,917,-51,235,961,12],
icircumflex => [-1,29,302,2,235,705,268],
Ecircumflex => [-1,-33,733,22,250,946,12],
adieresis => [-1,2,522,50,235,661,312],
edieresis => [-1,-6,421,29,235,661,312],
cacute => [-1,2,409,33,235,705,268],
nacute => [-1,14,548,49,235,705,268],
umacron => [-1,44,512,55,235,625,348],
Ncaron => [-1,-51,917,-51,235,961,12],
Iacute => [-1,-33,485,-45,250,946,12],
plusminus => [-1,50,506,50,250,506,452],
brokenbar => [-1,267,72,267,75,850,283],
registered => [-1,-2,752,-3,235,752,221],
Gbreve => [-1,40,723,15,235,948,25],
Idotaccent => [-1,-33,468,-28,250,909,49],
summation => [-1,15,571,14,240,716,252],
Egrave => [-1,-33,733,22,250,946,12],
racute => [-1,10,424,10,250,690,268],
omacron => [-1,2,448,50,235,625,348],
Zacute => [-1,-25,692,0,250,946,12],
Zcaron => [-1,-25,692,0,250,946,12],
greaterequal => [-1,26,497,26,250,674,284],
Eth => [-1,-33,771,40,250,722,236],
Ccedilla => [-1,40,672,10,35,952,221],
lcommaaccent => [-1,-43,335,41,0,987,221],
tcaron => [-1,24,436,-78,235,772,201],
eogonek => [-1,-6,394,56,25,691,492],
Uogonek => [-1,93,774,-52,25,947,236],
Aacute => [-1,-87,755,36,250,946,12],
Adieresis => [-1,-87,755,36,250,902,56],
egrave => [-1,-6,394,56,235,705,268],
zacute => [-1,-33,453,43,235,705,268],
iogonek => [-1,-14,296,51,25,940,243],
Oacute => [-1,40,698,40,235,961,12],
oacute => [-1,2,448,50,235,705,268],
amacron => [-1,2,522,50,235,625,348],
sacute => [-1,2,409,33,235,705,268],
idieresis => [-1,29,330,-26,235,661,312],
Ocircumflex => [-1,40,698,40,235,961,12],
Ugrave => [-1,93,774,-52,235,961,12],
Delta => [-1,6,602,4,250,688,270],
thorn => [-1,-101,607,68,45,942,221],
twosuperior => [-1,0,359,-26,532,423,253],
Odieresis => [-1,40,698,40,235,917,56],
mu => [-1,-60,616,55,45,671,492],
igrave => [-1,29,253,51,235,705,268],
ohungarumlaut => [-1,2,537,-39,235,705,268],
Eogonek => [-1,-33,733,22,30,942,236],
dcroat => [-1,2,634,-25,235,752,221],
threequarters => [-1,22,760,52,235,720,253],
Scedilla => [-1,-6,644,29,35,952,221],
lcaron => [-1,14,422,-73,235,752,221],
Kcommaaccent => [-1,-33,849,-75,0,972,236],
Lacute => [-1,-33,660,40,250,946,12],
trademark => [-1,32,936,-18,568,404,236],
edotaccent => [-1,-6,394,56,235,668,305],
Igrave => [-1,-33,468,-28,250,946,12],
Imacron => [-1,-33,493,-53,250,866,92],
Lcaron => [-1,-33,716,-16,250,737,221],
onehalf => [-1,34,742,58,235,720,253],
lessequal => [-1,26,497,26,250,674,284],
ocircumflex => [-1,2,448,50,235,705,268],
ntilde => [-1,14,548,49,235,664,309],
Uhungarumlaut => [-1,93,774,-52,235,961,12],
Eacute => [-1,-33,733,22,250,946,12],
emacron => [-1,-6,425,25,235,625,348],
gbreve => [-1,-79,602,14,45,882,281],
onequarter => [-1,34,748,52,235,720,253],
Scaron => [-1,-6,644,29,235,961,12],
Scommaaccent => [-1,-6,644,29,0,987,221],
Ohungarumlaut => [-1,40,698,40,235,961,12],
degree => [-1,86,286,28,669,286,253],
ograve => [-1,2,448,50,235,705,268],
Ccaron => [-1,40,672,10,235,961,12],
ugrave => [-1,44,512,55,235,705,268],
radical => [-1,-4,462,-5,170,842,196],
Dcaron => [-1,-33,771,40,250,946,12],
rcommaaccent => [-1,-67,501,10,0,716,492],
Ntilde => [-1,-51,917,-51,235,920,53],
otilde => [-1,2,465,33,235,664,309],
Rcommaaccent => [-1,-45,737,49,0,972,236],
Lcommaaccent => [-1,-33,660,40,0,972,236],
Atilde => [-1,-87,755,36,250,905,53],
Aogonek => [-1,-87,821,-30,30,957,221],
Aring => [-1,-87,755,36,250,958,0],
Otilde => [-1,40,698,40,235,920,53],
zdotaccent => [-1,-33,449,47,235,668,305],
Ecaron => [-1,-33,733,22,250,946,12],
Iogonek => [-1,-33,468,-28,30,942,236],
kcommaaccent => [-1,0,497,59,0,987,221],
minus => [-1,50,506,50,467,72,669],
Icircumflex => [-1,-33,468,-28,250,946,12],
ncaron => [-1,14,548,49,235,705,268],
tcommaaccent => [-1,-33,361,24,0,869,339],
logicalnot => [-1,50,506,50,358,281,569],
odieresis => [-1,2,448,50,235,661,312],
udieresis => [-1,44,512,55,235,661,312],
notequal => [-1,12,525,12,215,586,407],
gcommaaccent => [-1,-79,602,14,45,1010,153],
eth => [-1,2,448,50,235,752,221],
zcaron => [-1,-33,476,20,235,705,268],
ncommaaccent => [-1,14,548,49,0,716,492],
onesuperior => [-1,34,277,22,532,423,253],
imacron => [-1,29,271,33,235,625,348],
Euro => [-1,-29,658,-73,235,728,245],
Ccircumflex => [-1,40,673,9,235,981,-8],
ccircumflex => [-1,5,429,10,235,714,259],
Cdotaccent => [-1,40,673,9,235,910,63],
cdotaccent => [-1,5,396,43,235,643,330],
Ebreve => [-1,-37,738,21,250,956,2],
ebreve => [-1,-6,487,-37,235,704,269],
Gcircumflex => [-1,39,724,15,235,981,-8],
gcircumflex => [-1,-79,602,14,48,936,224],
Gdotaccent => [-1,39,724,15,235,910,63],
gdotaccent => [-1,-79,602,14,48,865,295],
Hcircumflex => [-1,-38,905,-34,250,966,-8],
hcircumflex => [-1,0,577,34,235,981,-8],
Hbar => [-1,-38,905,-34,250,722,236],
hbar => [-1,0,555,56,235,752,221],
Itilde => [-1,-33,534,-94,250,928,30],
itilde => [-1,27,385,-79,236,690,282],
Ibreve => [-1,-33,548,-108,250,981,-23],
ibreve => [-1,27,399,-93,236,743,229],
IJ => [-1,-33,979,-25,235,737,236],
ij => [-1,27,583,50,48,916,244],
Jcircumflex => [-1,-13,659,-35,235,1006,-33],
jcircumflex => [-1,-166,497,-16,48,890,270],
kgreenlandic => [-1,14,533,66,240,491,477],
Ldot => [-1,-37,667,37,250,722,236],
ldot => [-1,16,380,36,235,752,221],
napostrophe => [-1,14,548,49,235,794,179],
Eng => [-1,-48,907,-44,74,898,236],
eng => [-1,14,467,130,90,630,488],
Obreve => [-1,40,695,43,235,971,2],
obreve => [-1,5,477,18,235,704,269],
Scircumflex => [-1,0,632,35,235,981,-8],
scircumflex => [-1,-1,408,37,235,714,259],
Tbar => [-1,40,686,-41,250,722,236],
tbar => [-1,-10,339,23,235,636,337],
Tcedilla => [-1,40,685,-40,0,972,236],
tcedilla => [-1,-33,361,24,0,869,339],
Utilde => [-1,93,767,-45,235,918,55],
utilde => [-1,41,515,55,235,651,322],
Ubreve => [-1,93,767,-45,235,971,2],
ubreve => [-1,41,515,55,235,704,269],
Wcircumflex => [-1,53,920,-47,235,981,-8],
wcircumflex => [-1,32,676,70,235,714,259],
Ycircumflex => [-1,32,726,-73,250,966,-8],
ycircumflex => [-1,-79,533,46,48,901,259],
longs => [-1,-68,538,-137,48,938,222],
infinity => [-1,3,696,17,274,409,525],
'.notdef' => [-1,0,0,278,250,0,958]}});
