('NewCenturySchlbk-Bold' => {
  name            => 'NewCenturySchlbk-Bold',
  family          => 'New Century Schoolbook',
  height          => 1238,
  weight          => fw::Bold,
  style           => fs::Bold,
  pitch           => fp::Variable,
  vector          => 1,
  ascent          => 988,
  descent         => 250,
  maximalWidth    => 1238,
  width           => 1238,
  internalLeading => 238,
  externalLeading => 79,
  firstChar       => 32,
  lastChar        => 251,
  breakChar       => 32,
  defaultChar     => 32,
  xDeviceRes      => 72.27,
  yDeviceRes      => 72.27,
  size            => 1000,
  encoding        => 'Latin1',
  chardata        => {
space => [32,0,0,287,250,0,988],
exclam => [33,53,190,53,235,752,251],
quotedbl => [34,0,333,0,628,359,251],
numbersign => [35,36,502,36,250,690,298],
dollar => [36,25,524,25,109,951,178],
percent => [37,14,805,14,235,720,283],
ampersand => [38,34,784,34,235,752,251],
quoteright => [39,22,198,21,628,359,251],
parenleft => [40,77,268,44,133,862,243],
parenright => [41,44,268,77,133,862,243],
asterisk => [42,54,392,54,552,435,251],
plus => [43,50,506,50,250,506,482],
comma => [44,40,198,40,66,359,813],
hyphen => [45,42,249,42,424,128,686],
period => [46,44,190,44,235,190,813],
slash => [47,-42,362,-42,235,752,251],
zero => [48,27,520,27,235,720,283],
one => [49,83,408,83,250,705,283],
two => [50,19,512,43,250,705,283],
three => [51,23,508,43,235,720,283],
four => [52,19,528,27,250,705,283],
five => [53,32,502,40,235,720,283],
six => [54,27,520,27,235,720,283],
seven => [55,45,502,27,235,720,283],
eight => [56,27,521,26,235,720,283],
nine => [57,27,520,27,235,720,283],
colon => [58,44,190,44,235,500,503],
semicolon => [59,40,198,40,66,669,503],
less => [60,50,506,50,241,524,473],
equal => [61,50,506,50,353,300,585],
greater => [62,50,506,50,241,524,473],
question => [63,23,454,23,235,752,251],
at => [64,-2,752,-3,235,752,251],
A => [65,-19,797,-19,250,737,251],
B => [66,19,720,39,250,722,266],
C => [67,39,684,55,235,752,251],
D => [68,19,775,39,250,722,266],
E => [69,19,689,51,250,722,266],
F => [70,19,678,25,250,722,266],
G => [71,39,779,15,235,752,251],
H => [72,19,832,19,250,722,266],
I => [73,29,386,29,250,722,266],
J => [74,6,636,6,235,737,266],
K => [75,19,803,-7,250,722,266],
L => [76,19,684,19,250,722,266],
M => [77,10,961,10,250,722,266],
N => [78,5,823,5,240,732,266],
O => [79,39,755,39,235,752,251],
P => [80,24,711,24,250,722,266],
Q => [81,39,769,25,61,926,251],
R => [82,19,796,0,235,737,266],
S => [83,51,583,33,235,752,251],
T => [84,16,690,16,250,722,266],
U => [85,14,811,8,235,737,266],
V => [86,-19,797,-19,240,732,266],
W => [87,7,967,7,240,732,266],
X => [88,-12,746,-12,250,722,266],
Y => [89,-12,746,-12,250,722,266],
Z => [90,28,611,28,250,722,266],
bracketleft => [91,84,255,50,141,846,251],
backslash => [92,122,362,122,235,752,251],
bracketright => [93,50,255,84,141,846,251],
asciicircum => [94,66,474,66,575,365,298],
underscore => [95,0,500,0,125,50,1063],
quoteleft => [96,22,198,21,628,359,251],
a => [97,40,561,10,235,500,503],
b => [98,4,612,32,235,752,251],
c => [99,32,492,32,235,500,503],
d => [100,32,612,23,235,752,251],
e => [101,32,510,32,235,500,503],
f => [102,11,450,-72,250,737,251],
g => [103,30,593,-12,45,740,453],
h => [104,17,645,23,250,737,251],
i => [105,26,312,32,250,737,251],
j => [106,-86,357,81,45,942,251],
k => [107,17,645,5,250,737,251],
l => [108,17,312,23,250,737,251],
m => [109,17,923,23,250,485,503],
n => [110,17,645,23,250,485,503],
o => [111,32,547,32,235,500,503],
p => [112,17,612,38,45,690,503],
q => [113,32,606,10,45,690,503],
r => [114,17,499,3,250,485,503],
s => [115,48,428,24,235,500,503],
t => [116,21,384,21,235,690,313],
u => [117,17,651,17,235,490,513],
v => [118,12,587,12,240,485,513],
w => [119,16,857,16,240,485,513],
x => [120,12,587,12,250,475,513],
y => [121,12,587,12,45,680,513],
z => [122,38,461,38,250,475,513],
braceleft => [123,36,277,76,141,846,251],
bar => [124,249,108,249,0,1000,238],
braceright => [125,76,277,36,141,846,251],
asciitilde => [126,72,462,72,410,186,642],
exclamdown => [161,53,190,53,45,752,441],
cent => [162,32,496,46,148,674,416],
sterling => [163,16,542,16,235,720,283],
fraction => [164,-165,497,-165,235,720,283],
yen => [165,-10,594,-10,250,690,298],
florin => [166,14,534,26,45,942,251],
section => [167,62,376,62,164,823,251],
currency => [168,27,520,27,334,521,383],
quotesingle => [169,53,136,52,628,359,251],
quotedblleft => [170,22,437,22,628,359,251],
guillemotleft => [171,46,408,46,329,318,591],
guilsinglleft => [172,62,209,62,329,318,591],
guilsinglright => [173,62,209,62,329,318,591],
fi => [174,11,655,19,250,737,251],
fl => [175,11,655,19,250,737,251],
endash => [177,0,500,0,434,108,696],
dagger => [178,39,422,39,149,838,251],
daggerdbl => [179,39,422,39,161,826,251],
periodcentered => [180,53,172,53,450,172,616],
paragraph => [182,96,535,116,179,793,266],
bullet => [183,122,362,122,430,362,446],
quotesinglbase => [184,22,198,21,66,359,813],
quotedblbase => [185,22,437,22,66,359,813],
quotedblright => [186,22,437,22,628,359,251],
guillemotright => [187,46,408,46,329,318,591],
ellipsis => [188,72,856,72,235,190,813],
perthousand => [189,7,986,7,235,720,283],
questiondown => [191,23,454,23,45,752,441],
grave => [193,2,247,84,797,190,251],
acute => [194,84,247,2,797,190,251],
circumflex => [195,-10,354,-11,797,178,263],
tilde => [196,-24,381,-24,813,142,283],
macron => [197,-6,345,-6,832,82,324],
breve => [198,9,315,9,797,167,274],
dotaccent => [199,95,172,66,815,172,251],
dieresis => [200,-12,357,-12,815,142,281],
ring => [202,58,216,59,795,216,227],
cedilla => [203,17,231,85,26,224,988],
hungarumlaut => [205,-16,447,-98,797,190,251],
ogonek => [206,72,258,3,30,224,984],
caron => [207,-10,354,-11,797,178,263],
emdash => [208,0,1000,0,434,108,696],
AE => [225,-29,992,18,250,722,266],
ordfeminine => [227,1,392,-26,657,298,283],
Lslash => [232,19,684,19,250,722,266],
Oslash => [233,39,755,39,197,828,213],
OE => [234,0,982,18,250,722,266],
ordmasculine => [235,1,365,1,657,298,283],
ae => [241,32,806,32,235,500,503],
dotlessi => [245,26,312,32,250,475,513],
lslash => [248,17,312,23,250,737,251],
oslash => [249,32,547,32,147,676,415],
oe => [250,32,843,32,235,500,503],
germandbls => [251,-2,582,31,235,752,251],
Idieresis => [-1,29,386,29,250,921,67],
eacute => [-1,32,510,32,235,752,251],
abreve => [-1,40,561,10,235,729,274],
uhungarumlaut => [-1,17,651,17,235,752,251],
ecaron => [-1,32,510,32,235,740,263],
Ydieresis => [-1,-12,746,-12,250,921,67],
divide => [-1,50,506,50,210,586,442],
Yacute => [-1,-12,746,-12,250,964,24],
Acircumflex => [-1,-19,797,-19,250,952,36],
aacute => [-1,40,561,10,235,752,251],
Ucircumflex => [-1,14,811,8,235,967,36],
yacute => [-1,12,587,12,45,942,251],
scommaaccent => [-1,48,428,24,0,735,503],
ecircumflex => [-1,32,510,32,235,740,263],
Uring => [-1,14,811,8,235,1003,0],
Udieresis => [-1,14,811,8,235,936,67],
aogonek => [-1,40,588,-17,19,716,503],
Uacute => [-1,14,811,8,235,979,24],
uogonek => [-1,17,653,15,30,695,513],
Edieresis => [-1,19,689,51,250,921,67],
Dcroat => [-1,19,775,39,250,722,266],
commaaccent => [-1,45,142,63,0,200,1038],
copyright => [-1,-2,752,-3,235,752,251],
Emacron => [-1,19,689,51,250,891,97],
ccaron => [-1,32,492,32,235,740,263],
aring => [-1,40,561,10,235,776,227],
Ncommaaccent => [-1,5,823,5,20,952,266],
lacute => [-1,17,324,11,250,964,24],
agrave => [-1,40,561,10,235,752,251],
Tcommaaccent => [-1,16,690,16,0,972,266],
Cacute => [-1,39,684,55,235,979,24],
atilde => [-1,40,561,10,235,720,283],
Edotaccent => [-1,19,689,51,250,951,37],
scaron => [-1,48,428,24,235,740,263],
scedilla => [-1,48,428,24,26,709,503],
iacute => [-1,26,324,20,250,737,251],
lozenge => [-1,10,474,10,250,745,243],
Rcaron => [-1,19,796,0,235,967,36],
Gcommaaccent => [-1,39,779,15,0,987,251],
ucircumflex => [-1,17,651,17,235,740,263],
acircumflex => [-1,40,561,10,235,740,263],
Amacron => [-1,-19,797,-19,250,891,97],
rcaron => [-1,17,499,3,250,725,263],
ccedilla => [-1,32,492,32,26,709,503],
Zdotaccent => [-1,28,611,28,250,951,37],
Thorn => [-1,24,711,24,250,722,266],
Omacron => [-1,39,755,39,235,906,97],
Racute => [-1,19,796,0,235,979,24],
Sacute => [-1,51,583,33,235,979,24],
dcaron => [-1,32,716,-1,235,752,251],
Umacron => [-1,14,811,8,235,906,97],
uring => [-1,17,651,17,235,776,227],
threesuperior => [-1,-3,358,-11,523,432,283],
Ograve => [-1,39,755,39,235,979,24],
Agrave => [-1,-19,797,-19,250,964,24],
Abreve => [-1,-19,797,-19,250,941,47],
multiply => [-1,65,476,65,265,476,497],
uacute => [-1,17,651,17,235,752,251],
Tcaron => [-1,16,690,16,250,952,36],
partialdiff => [-1,11,483,0,229,771,238],
ydieresis => [-1,12,587,12,45,899,294],
Nacute => [-1,5,823,5,240,974,24],
icircumflex => [-1,9,354,7,250,725,263],
Ecircumflex => [-1,19,689,51,250,952,36],
adieresis => [-1,40,561,10,235,709,294],
edieresis => [-1,32,510,32,235,709,294],
cacute => [-1,32,492,32,235,752,251],
nacute => [-1,17,645,23,250,737,251],
umacron => [-1,17,651,17,235,679,324],
Ncaron => [-1,5,823,5,240,962,36],
Iacute => [-1,29,386,29,250,964,24],
plusminus => [-1,50,506,50,250,506,482],
brokenbar => [-1,249,108,249,75,850,313],
registered => [-1,-2,752,-3,235,752,251],
Gbreve => [-1,39,779,15,235,956,47],
Idotaccent => [-1,29,386,29,250,951,37],
summation => [-1,14,571,15,240,716,282],
Egrave => [-1,19,689,51,250,964,24],
racute => [-1,17,499,3,250,737,251],
omacron => [-1,32,547,32,235,679,324],
Zacute => [-1,28,611,28,250,964,24],
Zcaron => [-1,28,611,28,250,952,36],
greaterequal => [-1,26,497,26,250,704,284],
Eth => [-1,19,775,39,250,722,266],
Ccedilla => [-1,39,684,55,26,961,251],
lcommaaccent => [-1,17,312,23,0,987,251],
tcaron => [-1,21,429,6,235,810,193],
eogonek => [-1,32,510,32,30,705,503],
Uogonek => [-1,14,811,8,30,942,266],
Aacute => [-1,-19,797,-19,250,964,24],
Adieresis => [-1,-19,797,-19,250,921,67],
egrave => [-1,32,510,32,235,752,251],
zacute => [-1,38,461,38,250,737,251],
iogonek => [-1,26,327,17,26,961,251],
Oacute => [-1,39,755,39,235,979,24],
oacute => [-1,32,547,32,235,752,251],
amacron => [-1,40,561,10,235,679,324],
sacute => [-1,48,428,24,235,752,251],
idieresis => [-1,7,357,6,250,694,294],
Ocircumflex => [-1,39,755,39,235,967,36],
Ugrave => [-1,14,811,8,235,979,24],
Delta => [-1,6,602,4,250,688,300],
thorn => [-1,17,612,38,45,942,251],
twosuperior => [-1,-3,353,-6,532,423,283],
Odieresis => [-1,39,755,39,235,936,67],
mu => [-1,17,651,17,45,680,513],
igrave => [-1,21,317,32,250,737,251],
ohungarumlaut => [-1,32,547,32,235,752,251],
Eogonek => [-1,19,693,47,26,946,266],
dcroat => [-1,32,612,23,235,752,251],
threequarters => [-1,15,823,23,235,720,283],
Scedilla => [-1,51,583,33,26,961,251],
lcaron => [-1,17,422,9,250,737,251],
Kcommaaccent => [-1,19,803,-7,0,972,266],
Lacute => [-1,19,684,19,250,964,24],
trademark => [-1,6,976,18,567,405,266],
edotaccent => [-1,32,510,32,235,739,264],
Igrave => [-1,29,386,29,250,964,24],
Imacron => [-1,29,386,29,250,891,97],
Lcaron => [-1,19,684,19,250,737,251],
onehalf => [-1,31,807,23,235,720,283],
lessequal => [-1,29,497,23,250,704,284],
ocircumflex => [-1,32,547,32,235,740,263],
ntilde => [-1,17,645,23,250,705,283],
Uhungarumlaut => [-1,14,811,8,235,979,24],
Eacute => [-1,19,689,51,250,964,24],
emacron => [-1,32,510,32,235,679,324],
gbreve => [-1,30,593,-12,45,939,254],
onequarter => [-1,31,807,23,235,720,283],
Scaron => [-1,51,583,33,235,967,36],
Scommaaccent => [-1,51,583,33,0,987,251],
Ohungarumlaut => [-1,39,755,39,235,979,24],
degree => [-1,57,286,57,669,286,283],
ograve => [-1,32,547,32,235,752,251],
Ccaron => [-1,39,684,55,235,967,36],
ugrave => [-1,17,651,17,235,752,251],
radical => [-1,10,502,37,204,896,138],
Dcaron => [-1,19,775,39,250,952,36],
rcommaaccent => [-1,17,499,3,0,735,503],
Ntilde => [-1,5,823,5,240,942,56],
otilde => [-1,32,547,32,235,720,283],
Rcommaaccent => [-1,19,796,0,20,952,266],
Lcommaaccent => [-1,19,684,19,0,972,266],
Atilde => [-1,-19,797,-19,250,932,56],
Aogonek => [-1,-19,812,-34,26,961,251],
Aring => [-1,-19,797,-19,250,988,0],
Otilde => [-1,39,755,39,235,947,56],
zdotaccent => [-1,38,461,38,250,724,264],
Ecaron => [-1,19,689,51,250,952,36],
Iogonek => [-1,29,386,29,30,942,266],
kcommaaccent => [-1,17,645,5,0,987,251],
minus => [-1,50,506,50,449,108,681],
Icircumflex => [-1,29,386,29,250,952,36],
ncaron => [-1,17,645,23,250,725,263],
tcommaaccent => [-1,21,384,21,0,925,313],
logicalnot => [-1,50,506,50,353,300,585],
odieresis => [-1,32,547,32,235,709,294],
udieresis => [-1,17,651,17,235,709,294],
notequal => [-1,15,525,9,201,619,418],
gcommaaccent => [-1,30,593,-12,45,1047,146],
eth => [-1,32,547,32,235,752,251],
zcaron => [-1,38,461,38,250,725,263],
ncommaaccent => [-1,17,645,23,0,735,503],
onesuperior => [-1,31,278,35,532,423,283],
imacron => [-1,26,312,32,250,664,324],
Euro => [-1,3,560,11,235,732,271],
Ccircumflex => [-1,40,683,55,235,1015,-12],
ccircumflex => [-1,31,496,29,235,766,237],
Cdotaccent => [-1,40,683,55,235,978,25],
cdotaccent => [-1,31,496,29,235,729,274],
Ebreve => [-1,16,691,52,250,989,-1],
ebreve => [-1,32,508,34,235,755,248],
Gcircumflex => [-1,39,778,16,235,1015,-12],
gcircumflex => [-1,30,593,-12,48,1018,172],
Gdotaccent => [-1,39,778,16,235,978,25],
gdotaccent => [-1,30,593,-12,48,981,209],
Hcircumflex => [-1,20,830,20,250,1000,-12],
hcircumflex => [-1,16,650,19,250,975,13],
Hbar => [-1,20,830,20,250,722,266],
hbar => [-1,13,653,19,250,737,251],
Itilde => [-1,28,389,27,250,961,27],
itilde => [-1,-6,381,-5,250,712,276],
Ibreve => [-1,28,389,27,250,989,-1],
ibreve => [-1,27,315,28,250,740,248],
IJ => [-1,28,1050,35,235,737,266],
ij => [-1,28,574,122,48,939,251],
Jcircumflex => [-1,4,635,9,235,1015,-12],
jcircumflex => [-1,-82,425,9,48,924,266],
kgreenlandic => [-1,20,607,5,236,506,496],
Ldot => [-1,19,682,21,250,722,266],
ldot => [-1,16,484,40,250,737,251],
napostrophe => [-1,20,648,17,250,847,141],
Eng => [-1,16,817,0,54,918,266],
eng => [-1,20,569,36,112,626,500],
Obreve => [-1,39,755,39,235,1004,-1],
obreve => [-1,31,548,32,235,755,248],
Scircumflex => [-1,51,582,34,235,1015,-12],
scircumflex => [-1,38,428,34,235,766,237],
Tbar => [-1,15,692,15,250,722,266],
tbar => [-1,19,386,21,235,686,317],
Tcedilla => [-1,16,690,16,0,972,266],
tcedilla => [-1,21,384,21,0,925,313],
Utilde => [-1,15,809,9,235,976,27],
utilde => [-1,13,654,18,235,727,276],
Ubreve => [-1,15,809,9,235,1004,-1],
ubreve => [-1,13,654,18,235,755,248],
Wcircumflex => [-1,6,967,8,235,1015,-12],
wcircumflex => [-1,19,857,13,236,765,237],
Ycircumflex => [-1,-12,747,-13,250,1000,-12],
ycircumflex => [-1,10,588,13,44,957,237],
longs => [-1,14,450,-75,250,733,255],
infinity => [-1,22,689,18,301,470,467],
'.notdef' => [-1,0,0,287,250,0,988]}});
