('NewCenturySchlbk-BoldItalic' => {
  name            => 'NewCenturySchlbk-BoldItalic',
  family          => 'New Century Schoolbook',
  height          => 1241,
  weight          => fw::Bold,
  style           => fs::Bold|fs::Italic,
  pitch           => fp::Variable,
  vector          => 1,
  ascent          => 991,
  descent         => 250,
  maximalWidth    => 1241,
  width           => 1241,
  internalLeading => 241,
  externalLeading => 80,
  firstChar       => 32,
  lastChar        => 251,
  breakChar       => 32,
  defaultChar     => 32,
  xDeviceRes      => 72.27,
  yDeviceRes      => 72.27,
  size            => 1000,
  encoding        => 'Latin1',
  chardata        => {
space => [32,0,0,287,250,0,991],
exclam => [33,0,333,0,235,752,254],
quotedbl => [34,66,362,-28,638,349,254],
numbersign => [35,30,514,30,250,690,301],
dollar => [36,9,556,9,130,930,181],
percent => [37,54,781,54,222,755,264],
ampersand => [38,32,791,66,235,752,254],
quoteright => [39,48,227,-16,638,349,254],
parenleft => [40,72,382,-47,133,862,246],
parenright => [41,-70,380,97,133,862,246],
asterisk => [42,58,440,2,551,436,254],
plus => [43,50,506,50,250,506,485],
comma => [44,-57,227,117,58,349,834],
hyphen => [45,2,261,70,427,122,692],
period => [46,-20,172,135,235,172,834],
slash => [47,-41,361,-42,235,752,254],
zero => [48,21,532,21,235,720,286],
one => [49,25,464,85,250,705,286],
two => [50,-38,576,36,247,708,286],
three => [51,-7,543,38,235,720,286],
four => [52,-13,557,30,250,705,286],
five => [53,0,574,0,235,720,286],
six => [54,31,543,0,235,720,286],
seven => [55,64,529,-19,235,720,286],
eight => [56,0,552,22,235,720,286],
nine => [57,0,543,31,235,720,286],
colon => [58,-20,257,50,235,492,514],
semicolon => [59,-57,294,50,58,669,514],
less => [60,50,506,50,241,524,476],
equal => [61,50,506,50,353,300,588],
greater => [62,50,506,50,242,522,477],
question => [63,79,372,30,235,752,254],
at => [64,-4,755,-4,235,752,254],
A => [65,-75,791,25,250,737,254],
B => [66,-50,771,38,250,722,269],
C => [67,37,722,0,235,752,254],
D => [68,-47,843,37,250,722,269],
E => [69,-41,771,11,250,722,269],
F => [70,-41,771,-26,250,722,269],
G => [71,37,768,10,235,752,254],
H => [72,-41,952,-41,250,722,269],
I => [73,-41,526,-41,250,722,269],
J => [74,-20,728,-41,235,737,269],
K => [75,-41,873,-54,250,722,269],
L => [76,-41,711,34,250,722,269],
M => [77,-44,1032,-44,250,722,269],
N => [78,-61,974,-61,240,732,269],
O => [79,37,759,37,235,752,254],
P => [80,-41,771,11,250,722,269],
Q => [81,37,759,37,61,926,254],
R => [82,-41,790,47,235,737,269],
S => [83,1,665,19,235,752,254],
T => [84,41,718,-37,250,722,269],
U => [85,88,812,-67,235,737,269],
V => [86,32,770,-61,240,732,269],
W => [87,40,960,-56,240,732,269],
X => [88,-82,883,-60,250,722,269],
Y => [89,13,762,-71,250,722,269],
Z => [90,-33,744,-7,250,722,269],
bracketleft => [91,1,463,-57,141,846,254],
backslash => [92,161,284,161,235,752,254],
bracketright => [93,-101,463,45,141,846,254],
asciicircum => [94,66,474,66,575,365,301],
underscore => [95,0,500,0,125,50,1066],
quoteleft => [96,47,227,-15,638,349,254],
a => [97,6,630,31,235,492,514],
b => [98,29,528,54,235,752,254],
c => [99,0,482,55,235,492,514],
d => [100,0,660,7,235,752,254],
e => [101,0,479,40,235,492,514],
f => [102,-48,598,-161,45,942,254],
g => [103,-63,667,7,45,733,463],
h => [104,0,639,46,235,752,254],
i => [105,32,313,44,235,752,254],
j => [106,-205,552,23,45,942,254],
k => [107,-11,589,70,235,752,254],
l => [108,32,343,14,235,752,254],
m => [109,0,909,35,235,492,514],
n => [110,0,639,46,235,492,514],
o => [111,0,530,44,235,492,514],
p => [112,-119,709,58,45,682,514],
q => [113,0,587,43,45,682,514],
r => [114,0,527,-8,250,486,505],
s => [115,0,435,46,235,492,514],
t => [116,24,379,4,235,665,341],
u => [117,30,605,50,235,492,514],
v => [118,30,466,60,235,492,514],
w => [119,30,743,60,235,492,514],
x => [120,-46,620,0,235,492,514],
y => [121,-66,559,26,45,682,514],
z => [122,-19,492,46,235,492,514],
braceleft => [123,52,356,-1,141,846,254],
bar => [124,249,108,249,0,1000,241],
braceright => [125,-25,356,76,141,846,254],
asciitilde => [126,72,462,72,410,186,645],
exclamdown => [161,-44,333,44,45,752,444],
cent => [162,30,482,62,106,722,413],
sterling => [163,-18,584,8,235,720,286],
fraction => [164,-166,499,-166,235,720,286],
yen => [165,17,612,-55,250,690,301],
florin => [166,-43,618,-1,45,942,254],
section => [167,-30,545,-15,104,883,254],
currency => [168,27,520,27,334,521,386],
quotesingle => [169,112,138,37,638,349,254],
quotedblleft => [170,54,467,-40,638,349,254],
guillemotleft => [171,-35,484,32,319,338,584],
guilsinglleft => [172,-25,269,34,319,338,584],
guilsinglright => [173,-26,269,35,319,338,584],
fi => [174,-70,711,44,45,942,254],
fl => [175,-70,741,14,45,942,254],
endash => [177,-47,526,21,439,98,704],
dagger => [178,48,460,-8,104,883,254],
daggerdbl => [179,-60,568,-8,100,887,254],
periodcentered => [180,57,172,58,450,172,619],
paragraph => [182,25,656,-31,119,853,269],
bullet => [183,122,362,122,430,362,449],
quotesinglbase => [184,-57,227,89,58,349,834],
quotedblbase => [185,-57,469,69,58,349,834],
quotedblright => [186,43,467,-29,638,349,254],
guillemotright => [187,-31,484,28,319,338,584],
ellipsis => [188,81,838,81,235,172,834],
perthousand => [189,20,1127,20,222,755,264],
questiondown => [191,0,372,109,45,752,444],
grave => [193,74,220,39,788,184,269],
acute => [194,123,249,-39,788,184,269],
circumflex => [195,23,342,-32,783,172,286],
tilde => [196,28,370,-65,811,129,301],
macron => [197,47,357,-71,823,76,342],
breve => [198,67,323,-57,785,163,293],
dotaccent => [199,145,166,22,821,166,254],
dieresis => [200,33,360,-60,821,144,276],
ring => [202,111,224,-2,772,224,245],
cedilla => [203,-21,246,108,30,223,988],
hungarumlaut => [205,15,465,-147,788,184,269],
ogonek => [206,36,302,-5,30,224,987],
caron => [207,60,343,-70,781,174,286],
emdash => [208,-47,1026,21,439,98,704],
AE => [225,-86,1001,-26,250,722,269],
ordfeminine => [227,47,413,-48,657,298,286],
Lslash => [232,-41,711,34,250,722,269],
Oslash => [233,35,763,35,182,858,201],
OE => [234,29,960,-26,250,722,269],
ordmasculine => [235,42,352,-38,657,298,286],
ae => [241,-18,793,40,235,492,514],
dotlessi => [245,32,313,44,235,492,514],
lslash => [248,24,363,2,235,752,254],
oslash => [249,0,530,44,129,704,408],
oe => [250,-6,818,40,235,492,514],
germandbls => [251,-91,631,34,45,942,254],
Idieresis => [-1,-41,550,-65,250,915,76],
eacute => [-1,0,479,40,235,737,269],
abreve => [-1,6,630,31,235,713,293],
uhungarumlaut => [-1,30,626,29,235,737,269],
ecaron => [-1,0,496,23,235,720,286],
Ydieresis => [-1,13,762,-71,250,915,76],
divide => [-1,50,506,50,210,586,445],
Yacute => [-1,13,762,-71,250,947,44],
Acircumflex => [-1,-75,791,25,250,930,61],
aacute => [-1,6,630,31,235,737,269],
Ucircumflex => [-1,88,812,-67,235,945,61],
yacute => [-1,-66,559,26,45,927,269],
scommaaccent => [-1,0,435,46,0,727,514],
ecircumflex => [-1,0,479,40,235,720,286],
Uring => [-1,88,812,-67,235,1006,0],
Udieresis => [-1,88,812,-67,235,930,76],
aogonek => [-1,6,630,31,20,707,514],
Uacute => [-1,88,812,-67,235,962,44],
uogonek => [-1,30,605,50,17,710,514],
Edieresis => [-1,-41,771,11,250,915,76],
Dcroat => [-1,-47,843,37,250,722,269],
commaaccent => [-1,-25,166,109,0,200,1041],
copyright => [-1,-2,752,-3,235,752,254],
Emacron => [-1,-41,771,11,250,874,117],
ccaron => [-1,0,505,32,235,720,286],
aring => [-1,6,630,31,235,761,245],
Ncommaaccent => [-1,-61,974,-61,20,952,269],
lacute => [-1,32,468,-111,235,962,44],
agrave => [-1,6,630,31,235,737,269],
Tcommaaccent => [-1,41,718,-37,0,972,269],
Cacute => [-1,37,722,0,235,962,44],
atilde => [-1,6,630,31,235,705,301],
Edotaccent => [-1,-41,771,11,250,937,54],
scaron => [-1,0,477,4,235,720,286],
scedilla => [-1,0,435,46,30,697,514],
iacute => [-1,32,338,19,235,730,276],
lozenge => [-1,10,474,10,250,745,246],
Rcaron => [-1,-41,790,47,235,945,61],
Gcommaaccent => [-1,37,768,10,0,987,254],
ucircumflex => [-1,30,605,50,235,720,286],
acircumflex => [-1,6,630,31,235,720,286],
Amacron => [-1,-75,791,25,250,874,117],
rcaron => [-1,0,527,-8,250,695,296],
ccedilla => [-1,0,482,55,30,697,514],
Zdotaccent => [-1,-33,744,-7,250,937,54],
Thorn => [-1,-41,731,51,250,722,269],
Omacron => [-1,37,759,37,235,889,117],
Racute => [-1,-41,790,47,235,962,44],
Sacute => [-1,1,665,19,235,962,44],
dcaron => [-1,0,826,-79,235,752,254],
Umacron => [-1,88,812,-67,235,889,117],
uring => [-1,30,605,50,235,761,245],
threesuperior => [-1,3,358,-17,523,432,286],
Ograve => [-1,37,759,37,235,962,44],
Agrave => [-1,-75,791,25,250,947,44],
Abreve => [-1,-75,791,25,250,923,68],
multiply => [-1,65,476,65,265,476,500],
uacute => [-1,30,605,50,235,737,269],
Tcaron => [-1,41,718,-37,250,930,61],
partialdiff => [-1,11,483,0,229,771,241],
ydieresis => [-1,-66,559,26,45,895,301],
Nacute => [-1,-61,974,-61,240,957,44],
icircumflex => [-1,21,342,26,235,713,293],
Ecircumflex => [-1,-41,771,11,250,930,61],
adieresis => [-1,6,630,31,235,705,301],
edieresis => [-1,0,486,33,235,705,301],
cacute => [-1,0,482,55,235,737,269],
nacute => [-1,0,639,46,235,737,269],
umacron => [-1,30,605,50,235,664,342],
Ncaron => [-1,-61,974,-61,240,940,61],
Iacute => [-1,-41,529,-44,250,947,44],
plusminus => [-1,50,506,50,250,506,485],
brokenbar => [-1,249,108,249,75,850,316],
registered => [-1,-2,752,-3,235,752,254],
Gbreve => [-1,37,768,10,235,938,68],
Idotaccent => [-1,-41,526,-41,250,937,54],
summation => [-1,14,571,15,240,716,285],
Egrave => [-1,-41,771,11,250,947,44],
racute => [-1,0,527,-8,250,722,269],
omacron => [-1,0,530,44,235,664,342],
Zacute => [-1,-33,744,-7,250,947,44],
Zcaron => [-1,-33,744,-7,250,930,61],
greaterequal => [-1,26,497,26,250,704,287],
Eth => [-1,-47,843,37,250,722,269],
Ccedilla => [-1,37,722,0,30,957,254],
lcommaaccent => [-1,25,350,14,0,987,254],
tcaron => [-1,24,520,-97,235,782,224],
eogonek => [-1,0,479,40,21,706,514],
Uogonek => [-1,88,812,-67,20,952,269],
Aacute => [-1,-75,791,25,250,947,44],
Adieresis => [-1,-75,791,25,250,915,76],
egrave => [-1,0,479,40,235,737,269],
zacute => [-1,-19,492,46,235,737,269],
iogonek => [-1,-8,353,44,18,969,254],
Oacute => [-1,37,759,37,235,962,44],
oacute => [-1,0,530,44,235,737,269],
amacron => [-1,6,630,31,235,664,342],
sacute => [-1,0,446,35,235,737,269],
idieresis => [-1,31,360,-2,235,705,301],
Ocircumflex => [-1,37,759,37,235,945,61],
Ugrave => [-1,88,812,-67,235,962,44],
Delta => [-1,6,602,4,250,688,303],
thorn => [-1,-119,709,58,45,942,254],
twosuperior => [-1,-17,379,-18,530,425,286],
Odieresis => [-1,37,759,37,235,930,76],
mu => [-1,-89,724,50,45,682,514],
igrave => [-1,32,313,44,235,730,276],
ohungarumlaut => [-1,0,601,-27,235,737,269],
Eogonek => [-1,-41,771,11,26,946,269],
dcroat => [-1,0,734,-67,235,752,254],
threequarters => [-1,35,754,72,235,720,286],
Scedilla => [-1,1,665,19,30,957,254],
lcaron => [-1,32,509,-92,235,752,254],
Kcommaaccent => [-1,-41,873,-54,0,972,269],
Lacute => [-1,-41,711,34,250,947,44],
trademark => [-1,42,975,-67,567,405,269],
edotaccent => [-1,0,479,40,235,727,279],
Igrave => [-1,-41,526,-41,250,947,44],
Imacron => [-1,-41,561,-76,250,874,117],
Lcaron => [-1,-41,743,2,250,737,254],
onehalf => [-1,17,781,63,235,720,286],
lessequal => [-1,29,497,23,250,704,287],
ocircumflex => [-1,0,530,44,235,720,286],
ntilde => [-1,0,639,46,235,705,301],
Uhungarumlaut => [-1,88,812,-67,235,962,44],
Eacute => [-1,-41,771,11,250,947,44],
emacron => [-1,0,497,22,235,664,342],
gbreve => [-1,-63,667,7,45,903,293],
onequarter => [-1,17,772,72,235,720,286],
Scaron => [-1,1,665,19,235,945,61],
Scommaaccent => [-1,1,665,19,0,987,254],
Ohungarumlaut => [-1,37,759,37,235,962,44],
degree => [-1,86,286,28,669,286,286],
ograve => [-1,0,530,44,235,737,269],
Ccaron => [-1,37,722,0,235,945,61],
ugrave => [-1,30,605,50,235,737,269],
radical => [-1,10,502,37,204,896,141],
Dcaron => [-1,-47,843,37,250,930,61],
rcommaaccent => [-1,-31,558,-8,0,736,505],
Ntilde => [-1,-61,974,-61,240,925,76],
otilde => [-1,0,530,44,235,705,301],
Rcommaaccent => [-1,-41,790,47,0,972,269],
Lcommaaccent => [-1,-41,711,34,0,972,269],
Atilde => [-1,-75,791,25,250,915,76],
Aogonek => [-1,-75,819,-3,26,961,254],
Aring => [-1,-75,791,25,250,991,0],
Otilde => [-1,37,759,37,235,930,76],
zdotaccent => [-1,-19,492,46,235,727,279],
Ecaron => [-1,-41,771,11,250,930,61],
Iogonek => [-1,-41,526,-41,30,942,269],
kcommaaccent => [-1,-11,589,70,0,987,254],
minus => [-1,50,506,50,449,108,684],
Icircumflex => [-1,-41,526,-41,250,930,61],
ncaron => [-1,0,639,46,235,720,286],
tcommaaccent => [-1,-6,409,4,0,900,341],
logicalnot => [-1,50,506,50,353,300,588],
odieresis => [-1,0,530,44,235,705,301],
udieresis => [-1,30,605,50,235,705,301],
notequal => [-1,15,525,9,201,619,421],
gcommaaccent => [-1,-63,667,7,45,1027,169],
eth => [-1,0,530,44,235,767,239],
zcaron => [-1,-19,492,46,235,710,296],
ncommaaccent => [-1,0,639,46,0,727,514],
onesuperior => [-1,19,307,18,532,423,286],
imacron => [-1,32,344,13,235,657,349],
Euro => [-1,-37,677,-66,235,732,274],
Ccircumflex => [-1,35,724,0,235,986,20],
ccircumflex => [-1,3,501,33,236,727,278],
Cdotaccent => [-1,35,724,0,235,955,51],
cdotaccent => [-1,3,484,50,236,696,309],
Ebreve => [-1,-41,769,13,250,961,30],
ebreve => [-1,-2,537,-16,236,717,288],
Gcircumflex => [-1,34,768,13,235,1011,-5],
gcircumflex => [-1,-66,668,9,48,1009,184],
Gdotaccent => [-1,34,768,13,235,980,26],
gdotaccent => [-1,-66,668,9,48,978,215],
Hcircumflex => [-1,-41,953,-42,250,971,20],
hcircumflex => [-1,0,640,45,235,985,21],
Hbar => [-1,-41,953,-42,250,722,269],
hbar => [-1,0,637,48,235,751,255],
Itilde => [-1,-41,563,-78,250,923,68],
itilde => [-1,38,421,-70,235,720,286],
Ibreve => [-1,-41,565,-80,250,961,30],
ibreve => [-1,38,434,-83,235,757,249],
IJ => [-1,-41,1114,-41,235,737,269],
ij => [-1,28,718,28,48,939,254],
Jcircumflex => [-1,-9,729,-53,235,986,20],
jcircumflex => [-1,-170,535,5,48,911,282],
kgreenlandic => [-1,38,597,66,236,506,499],
Ldot => [-1,-41,711,34,250,722,269],
ldot => [-1,26,490,48,235,751,255],
napostrophe => [-1,-2,644,43,235,847,159],
Eng => [-1,-57,969,-60,41,931,269],
eng => [-1,13,558,114,75,654,512],
Obreve => [-1,36,761,36,235,976,30],
obreve => [-1,10,535,29,236,717,288],
Scircumflex => [-1,1,665,19,235,986,20],
scircumflex => [-1,2,443,36,235,728,278],
Tbar => [-1,44,718,-40,250,722,269],
tbar => [-1,4,400,3,236,664,341],
Tcedilla => [-1,41,718,-37,0,972,269],
tcedilla => [-1,-6,409,4,0,900,341],
Utilde => [-1,88,807,-62,235,938,68],
utilde => [-1,38,601,46,236,679,326],
Ubreve => [-1,88,807,-62,235,976,30],
ubreve => [-1,38,601,46,236,717,288],
Wcircumflex => [-1,40,954,-50,236,985,20],
wcircumflex => [-1,22,766,45,235,728,278],
Ycircumflex => [-1,15,762,-73,250,971,20],
ycircumflex => [-1,-66,558,27,48,915,278],
longs => [-1,-48,598,-161,45,942,254],
infinity => [-1,4,725,0,301,470,470],
'.notdef' => [-1,0,0,287,250,0,991]}});
