('NewCenturySchlbk-Roman' => {
  name            => 'NewCenturySchlbk-Roman',
  family          => 'New Century Schoolbook',
  height          => 1215,
  weight          => fw::Medium,
  style           => fs::Normal,
  pitch           => fp::Variable,
  vector          => 1,
  ascent          => 965,
  descent         => 250,
  maximalWidth    => 1215,
  width           => 1215,
  internalLeading => 215,
  externalLeading => 71,
  firstChar       => 32,
  lastChar        => 251,
  breakChar       => 32,
  defaultChar     => 32,
  xDeviceRes      => 72.27,
  yDeviceRes      => 72.27,
  size            => 1000,
  encoding        => 'Latin1',
  chardata        => {
space => [32,0,0,278,250,0,965],
exclam => [33,86,124,86,235,752,228],
quotedbl => [34,61,267,61,693,294,228],
numbersign => [35,28,500,28,250,690,275],
dollar => [36,45,466,45,112,951,152],
percent => [37,43,747,43,235,720,260],
ampersand => [38,51,724,40,235,752,228],
quoteright => [39,25,154,25,693,294,228],
parenleft => [40,40,239,54,133,862,220],
parenright => [41,54,239,40,133,862,220],
asterisk => [42,57,386,57,556,431,228],
plus => [43,50,506,50,250,506,459],
comma => [44,62,154,62,65,294,856],
hyphen => [45,42,249,42,449,78,688],
period => [46,77,124,77,235,124,856],
slash => [47,-32,342,-32,235,752,228],
zero => [48,42,472,42,235,720,260],
one => [49,100,396,60,250,705,260],
two => [50,35,470,51,250,705,260],
three => [51,42,456,58,235,720,260],
four => [52,28,500,28,250,705,260],
five => [53,46,456,54,235,720,260],
six => [54,41,474,41,235,720,260],
seven => [55,59,449,48,235,720,260],
eight => [56,42,472,42,235,720,260],
nine => [57,41,474,41,235,720,260],
colon => [58,77,124,77,235,489,491],
semicolon => [59,62,154,62,65,659,491],
less => [60,50,506,50,242,522,451],
equal => [61,50,506,50,367,272,576],
greater => [62,50,506,50,242,522,451],
question => [63,29,386,29,235,752,228],
at => [64,-8,752,-7,235,752,228],
A => [65,-8,738,-8,250,737,228],
B => [66,29,640,53,250,722,243],
C => [67,45,623,54,235,752,228],
D => [68,29,704,45,250,722,243],
E => [69,29,634,59,250,722,243],
F => [70,29,609,29,250,722,243],
G => [71,45,730,3,235,752,228],
H => [72,29,775,29,250,722,243],
I => [73,38,331,38,250,722,243],
J => [74,5,535,16,235,737,243],
K => [75,29,774,-25,250,722,243],
L => [76,29,615,23,250,722,243],
M => [77,29,886,29,250,722,243],
N => [78,24,767,24,235,737,243],
O => [79,45,688,45,235,752,228],
P => [80,29,621,17,250,722,243],
Q => [81,45,703,30,60,927,228],
R => [82,29,684,9,235,737,243],
S => [83,47,536,47,235,752,228],
T => [84,19,629,19,250,722,243],
U => [85,16,783,16,235,737,243],
V => [86,-8,738,-8,240,732,243],
W => [87,5,971,5,240,732,243],
X => [88,-8,720,-8,250,722,243],
Y => [89,-11,726,-11,250,722,243],
Z => [90,24,552,35,250,722,243],
bracketleft => [91,126,189,18,141,846,228],
backslash => [92,132,342,132,235,752,228],
bracketright => [93,18,189,126,141,846,228],
asciicircum => [94,89,428,89,575,365,275],
underscore => [95,0,500,0,125,50,1040],
quoteleft => [96,25,154,25,693,294,228],
a => [97,44,498,14,235,494,486],
b => [98,10,512,34,235,752,228],
c => [99,34,392,18,235,494,486],
d => [100,34,518,22,235,752,228],
e => [101,34,432,34,235,494,486],
f => [102,18,419,-104,250,737,228],
g => [103,23,519,-5,45,699,471],
h => [104,7,585,19,250,737,228],
i => [105,18,268,29,250,722,243],
j => [106,-86,302,80,45,927,243],
k => [107,10,579,4,250,737,228],
l => [108,18,268,29,250,737,228],
m => [109,26,837,26,250,479,486],
n => [110,22,567,22,250,479,486],
o => [111,34,432,34,235,494,486],
p => [112,22,518,34,45,684,486],
q => [113,34,518,4,45,684,486],
r => [114,18,416,10,250,479,486],
s => [115,46,371,46,235,494,486],
t => [116,18,353,18,235,681,299],
u => [117,22,567,22,235,479,501],
v => [118,-6,521,22,240,474,501],
w => [119,1,748,29,240,474,501],
x => [120,8,521,8,250,464,501],
y => [121,4,529,4,45,669,501],
z => [122,42,397,42,250,464,501],
braceleft => [123,54,225,54,141,846,228],
bar => [124,267,72,267,0,1000,215],
braceright => [125,54,225,54,141,846,228],
asciitilde => [126,72,462,72,434,138,643],
exclamdown => [161,86,124,86,45,752,418],
cent => [162,74,408,74,109,725,381],
sterling => [163,18,520,18,235,720,260],
fraction => [164,-195,557,-195,235,720,260],
yen => [165,-1,558,-1,250,690,275],
florin => [166,0,538,18,45,942,228],
section => [167,55,390,55,103,884,228],
currency => [168,26,504,26,343,504,368],
quotesingle => [169,59,86,59,693,294,228],
quotedblleft => [170,25,339,25,693,294,228],
guillemotleft => [171,39,348,39,328,320,567],
guilsinglleft => [172,39,181,39,328,320,567],
guilsinglright => [173,39,181,39,328,320,567],
fi => [174,18,564,29,250,737,228],
fl => [175,18,564,29,250,737,228],
endash => [177,0,556,0,458,60,697],
dagger => [178,42,416,42,103,884,228],
daggerdbl => [179,42,416,42,101,886,228],
periodcentered => [180,71,136,71,488,136,591],
paragraph => [182,60,486,60,118,854,243],
bullet => [183,122,362,122,430,362,423],
quotesinglbase => [184,25,154,25,65,294,856],
quotedblbase => [185,25,339,25,65,294,856],
quotedblright => [186,25,339,25,693,294,228],
guillemotright => [187,39,348,39,328,320,567],
ellipsis => [188,105,790,105,235,124,856],
perthousand => [189,6,988,6,235,720,260],
questiondown => [191,29,386,29,45,752,418],
grave => [193,17,225,91,778,171,266],
acute => [194,91,225,17,778,171,266],
circumflex => [195,10,313,10,778,167,270],
tilde => [196,1,331,1,803,102,310],
macron => [197,10,313,10,818,55,342],
breve => [198,25,283,25,778,157,280],
dotaccent => [199,116,102,115,852,102,261],
dieresis => [200,16,301,16,852,102,261],
ring => [202,66,200,67,772,200,243],
cedilla => [203,29,208,96,35,215,965],
hungarumlaut => [205,-9,425,-83,778,171,266],
ogonek => [206,81,236,16,30,224,961],
caron => [207,10,313,10,778,167,270],
emdash => [208,0,1000,0,458,60,697],
AE => [225,0,962,38,250,722,243],
ordfeminine => [227,-4,342,-4,657,298,260],
Lslash => [232,29,615,23,250,722,243],
Oslash => [233,45,688,45,194,834,187],
OE => [234,21,958,21,250,722,243],
ordmasculine => [235,4,292,4,657,298,260],
ae => [241,34,728,34,235,494,486],
dotlessi => [245,18,268,29,250,464,501],
lslash => [248,18,276,21,250,737,228],
oslash => [249,34,432,34,153,658,404],
oe => [250,34,765,34,235,494,486],
germandbls => [251,30,507,37,235,752,228],
Idieresis => [-1,38,331,38,250,883,82],
eacute => [-1,34,432,34,235,714,266],
abreve => [-1,44,498,14,235,700,280],
uhungarumlaut => [-1,22,573,16,235,714,266],
ecaron => [-1,34,432,34,235,710,270],
Ydieresis => [-1,-11,726,-11,250,883,82],
divide => [-1,50,506,50,228,550,437],
Yacute => [-1,-11,726,-11,250,937,28],
Acircumflex => [-1,-8,738,-8,250,933,32],
aacute => [-1,44,498,14,235,714,266],
Ucircumflex => [-1,16,783,16,235,948,32],
yacute => [-1,4,529,4,45,904,266],
scommaaccent => [-1,46,371,46,0,729,486],
ecircumflex => [-1,34,432,34,235,710,270],
Uring => [-1,16,783,16,235,980,0],
Udieresis => [-1,16,783,16,235,898,82],
aogonek => [-1,44,521,-9,30,699,486],
Uacute => [-1,16,783,16,235,952,28],
uogonek => [-1,22,567,22,30,684,501],
Edieresis => [-1,29,634,59,250,883,82],
Dcroat => [-1,29,704,45,250,722,243],
commaaccent => [-1,66,138,46,0,200,1015],
copyright => [-1,-8,752,-7,235,752,228],
Emacron => [-1,29,634,59,250,861,104],
ccaron => [-1,34,392,18,235,710,270],
aring => [-1,44,498,14,235,747,233],
Ncommaaccent => [-1,24,767,24,0,972,243],
lacute => [-1,18,279,18,250,957,8],
agrave => [-1,44,498,14,235,714,266],
Tcommaaccent => [-1,19,629,19,0,972,243],
Cacute => [-1,45,623,54,235,952,28],
atilde => [-1,44,498,14,235,670,310],
Edotaccent => [-1,29,634,59,250,883,82],
scaron => [-1,46,371,46,235,710,270],
scedilla => [-1,46,371,46,35,694,486],
iacute => [-1,18,289,8,250,699,266],
lozenge => [-1,10,452,9,250,728,237],
Rcaron => [-1,29,684,9,235,948,32],
Gcommaaccent => [-1,45,730,3,0,987,228],
ucircumflex => [-1,22,567,22,235,710,270],
acircumflex => [-1,44,498,14,235,710,270],
Amacron => [-1,-8,738,-8,250,861,104],
rcaron => [-1,18,416,10,250,695,270],
ccedilla => [-1,34,392,18,35,694,486],
Zdotaccent => [-1,24,552,35,250,883,82],
Thorn => [-1,29,621,17,250,722,243],
Omacron => [-1,45,688,45,235,876,104],
Racute => [-1,29,684,9,235,952,28],
Sacute => [-1,47,536,47,235,952,28],
dcaron => [-1,34,609,-4,235,752,228],
Umacron => [-1,16,783,16,235,876,104],
uring => [-1,22,567,22,235,737,243],
threesuperior => [-1,18,297,18,523,432,260],
Ograve => [-1,45,688,45,235,952,28],
Agrave => [-1,-8,738,-8,250,937,28],
Abreve => [-1,-8,738,-8,250,923,42],
multiply => [-1,74,458,74,274,458,483],
uacute => [-1,22,567,22,235,714,266],
Tcaron => [-1,19,629,19,250,933,32],
partialdiff => [-1,13,450,13,212,752,251],
ydieresis => [-1,4,529,4,45,850,320],
Nacute => [-1,24,767,24,235,952,28],
icircumflex => [-1,1,313,1,250,695,270],
Ecircumflex => [-1,29,634,59,250,933,32],
adieresis => [-1,44,498,14,235,660,320],
edieresis => [-1,34,432,34,235,660,320],
cacute => [-1,34,392,18,235,714,266],
nacute => [-1,22,567,22,250,699,266],
umacron => [-1,22,567,22,235,638,342],
Ncaron => [-1,24,767,24,235,948,32],
Iacute => [-1,38,331,38,250,937,28],
plusminus => [-1,50,506,50,250,506,459],
brokenbar => [-1,267,72,267,75,850,290],
registered => [-1,-8,752,-7,235,752,228],
Gbreve => [-1,45,730,3,235,938,42],
Idotaccent => [-1,38,331,38,250,883,82],
summation => [-1,15,571,14,240,716,259],
Egrave => [-1,29,634,59,250,937,28],
racute => [-1,18,416,10,250,699,266],
omacron => [-1,34,432,34,235,638,342],
Zacute => [-1,24,552,35,250,937,28],
Zcaron => [-1,24,552,35,250,933,32],
greaterequal => [-1,26,497,26,250,674,291],
Eth => [-1,29,704,45,250,722,243],
Ccedilla => [-1,45,623,54,35,952,228],
lcommaaccent => [-1,18,268,29,0,987,228],
tcaron => [-1,18,376,-5,235,792,188],
eogonek => [-1,34,432,34,30,699,486],
Uogonek => [-1,16,783,16,30,942,243],
Aacute => [-1,-8,738,-8,250,937,28],
Adieresis => [-1,-8,738,-8,250,883,82],
egrave => [-1,34,432,34,235,714,266],
zacute => [-1,42,397,42,250,699,266],
iogonek => [-1,18,278,19,30,942,243],
Oacute => [-1,45,688,45,235,952,28],
oacute => [-1,34,432,34,235,714,266],
amacron => [-1,44,498,14,235,638,342],
sacute => [-1,46,371,46,235,714,266],
idieresis => [-1,7,301,7,250,645,320],
Ocircumflex => [-1,45,688,45,235,948,32],
Ugrave => [-1,16,783,16,235,952,28],
Delta => [-1,6,602,4,250,688,277],
thorn => [-1,22,518,34,45,942,228],
twosuperior => [-1,14,305,14,532,423,260],
Odieresis => [-1,45,688,45,235,898,82],
mu => [-1,22,567,22,45,669,501],
igrave => [-1,8,278,29,250,699,266],
ohungarumlaut => [-1,34,506,-40,235,714,266],
Eogonek => [-1,29,634,59,30,942,243],
dcroat => [-1,34,518,22,235,752,228],
threequarters => [-1,28,767,39,235,720,260],
Scedilla => [-1,47,536,47,35,952,228],
lcaron => [-1,18,359,-12,250,737,228],
Kcommaaccent => [-1,29,774,-25,0,972,243],
Lacute => [-1,29,615,23,250,937,28],
trademark => [-1,32,936,32,568,404,243],
edotaccent => [-1,34,432,34,235,660,320],
Igrave => [-1,38,331,38,250,937,28],
Imacron => [-1,38,331,38,250,861,104],
Lcaron => [-1,29,615,23,250,737,228],
onehalf => [-1,39,781,14,235,720,260],
lessequal => [-1,26,497,26,250,674,291],
ocircumflex => [-1,34,432,34,235,710,270],
ntilde => [-1,22,567,22,250,655,310],
Uhungarumlaut => [-1,16,783,16,235,952,28],
Eacute => [-1,29,634,59,250,937,28],
emacron => [-1,34,432,34,235,638,342],
gbreve => [-1,23,519,-5,45,890,280],
onequarter => [-1,39,756,39,235,720,260],
Scaron => [-1,47,536,47,235,948,32],
Scommaaccent => [-1,47,536,47,0,987,228],
Ohungarumlaut => [-1,45,688,45,235,952,28],
degree => [-1,57,286,57,669,286,260],
ograve => [-1,34,432,34,235,714,266],
Ccaron => [-1,45,623,54,235,948,32],
ugrave => [-1,22,567,22,235,714,266],
radical => [-1,-4,462,-5,170,842,203],
Dcaron => [-1,29,704,45,250,933,32],
rcommaaccent => [-1,18,416,10,0,729,486],
Ntilde => [-1,24,767,24,235,908,72],
otilde => [-1,34,432,34,235,670,310],
Rcommaaccent => [-1,29,684,9,0,972,243],
Lcommaaccent => [-1,29,615,23,0,972,243],
Atilde => [-1,-8,738,-8,250,893,72],
Aogonek => [-1,-8,738,-8,30,957,228],
Aring => [-1,-8,738,-8,250,965,0],
Otilde => [-1,45,688,45,235,908,72],
zdotaccent => [-1,42,397,42,250,645,320],
Ecaron => [-1,29,634,59,250,933,32],
Iogonek => [-1,38,331,38,30,942,243],
kcommaaccent => [-1,10,579,4,0,987,228],
minus => [-1,50,506,50,467,72,676],
Icircumflex => [-1,38,331,38,250,933,32],
ncaron => [-1,22,567,22,250,695,270],
tcommaaccent => [-1,18,353,18,0,916,299],
logicalnot => [-1,50,506,50,358,281,576],
odieresis => [-1,34,432,34,235,660,320],
udieresis => [-1,22,567,22,235,660,320],
notequal => [-1,12,525,12,215,586,414],
gcommaaccent => [-1,23,519,-5,45,1012,158],
eth => [-1,34,432,34,235,752,228],
zcaron => [-1,42,397,42,250,695,270],
ncommaaccent => [-1,22,567,22,0,729,486],
onesuperior => [-1,39,255,39,532,423,260],
imacron => [-1,18,273,24,250,623,342],
Euro => [-1,0,545,11,235,728,252],
Ccircumflex => [-1,45,623,54,235,978,2],
ccircumflex => [-1,34,392,18,235,722,258],
Cdotaccent => [-1,45,623,54,235,912,68],
cdotaccent => [-1,34,392,18,235,656,324],
Ebreve => [-1,29,634,59,250,954,11],
ebreve => [-1,35,431,34,235,713,267],
Gcircumflex => [-1,42,730,6,235,978,2],
gcircumflex => [-1,23,519,-5,47,924,244],
Gdotaccent => [-1,42,730,6,235,912,68],
gdotaccent => [-1,23,519,-5,47,858,310],
Hcircumflex => [-1,29,775,29,250,963,2],
hcircumflex => [-1,15,578,18,250,963,2],
Hbar => [-1,29,775,29,250,722,243],
hbar => [-1,15,578,18,250,737,228],
Itilde => [-1,38,331,38,250,903,62],
itilde => [-1,-6,331,-10,250,647,318],
Ibreve => [-1,38,331,38,250,954,11],
ibreve => [-1,18,283,14,250,698,267],
IJ => [-1,38,884,40,235,737,243],
ij => [-1,18,496,96,48,917,250],
Jcircumflex => [-1,5,532,19,235,978,2],
jcircumflex => [-1,-82,398,-20,48,903,264],
kgreenlandic => [-1,27,569,-5,240,485,490],
Ldot => [-1,35,611,21,250,722,243],
ldot => [-1,19,391,50,250,737,228],
napostrophe => [-1,27,566,18,250,783,182],
Eng => [-1,19,775,21,73,899,243],
eng => [-1,27,487,97,110,621,484],
Obreve => [-1,45,688,45,235,994,-14],
obreve => [-1,34,432,34,235,738,242],
Scircumflex => [-1,51,539,40,235,1003,-23],
scircumflex => [-1,51,370,42,235,747,233],
Tbar => [-1,19,629,19,250,722,243],
tbar => [-1,18,356,15,235,679,301],
Tcedilla => [-1,19,629,19,0,972,243],
tcedilla => [-1,18,353,18,0,916,299],
Utilde => [-1,17,782,16,235,943,37],
utilde => [-1,21,573,17,235,687,293],
Ubreve => [-1,17,782,16,235,994,-14],
ubreve => [-1,21,573,17,235,738,242],
Wcircumflex => [-1,6,970,5,235,1003,-23],
wcircumflex => [-1,15,748,15,235,747,233],
Ycircumflex => [-1,-13,726,-9,250,988,-23],
ycircumflex => [-1,3,528,6,44,938,233],
longs => [-1,19,414,-100,250,737,228],
infinity => [-1,14,674,28,274,409,532],
'.notdef' => [-1,0,0,278,250,0,965]}});
