('Palatino-Roman' => {
  name            => 'Palatino-Roman',
  family          => 'Palatino',
  height          => 1210,
  weight          => fw::Medium,
  style           => fs::Normal,
  pitch           => fp::Variable,
  vector          => 1,
  ascent          => 927,
  descent         => 283,
  maximalWidth    => 1210,
  width           => 1210,
  internalLeading => 210,
  externalLeading => 70,
  firstChar       => 32,
  lastChar        => 251,
  breakChar       => 32,
  defaultChar     => 32,
  xDeviceRes      => 72.27,
  yDeviceRes      => 72.27,
  size            => 1000,
  encoding        => 'Latin1',
  chardata        => {
space => [32,0,0,250,283,0,927],
exclam => [33,81,116,81,278,699,233],
quotedbl => [34,51,269,51,752,240,218],
numbersign => [35,4,491,5,283,684,243],
dollar => [36,30,441,29,167,847,196],
percent => [37,39,763,38,263,729,218],
ampersand => [38,43,710,25,263,709,238],
quoteright => [39,45,188,45,729,263,218],
parenleft => [40,60,241,32,68,941,201],
parenright => [41,32,241,60,68,941,201],
asterisk => [42,32,327,30,625,347,238],
plus => [43,51,504,51,290,505,415],
comma => [44,16,202,32,128,278,804],
hyphen => [45,17,295,21,498,72,640],
period => [46,67,116,67,278,116,816],
slash => [47,87,432,87,164,845,201],
zero => [48,29,436,35,263,709,238],
one => [49,60,358,82,280,697,233],
two => [50,16,452,32,280,692,238],
three => [51,15,447,38,263,709,238],
four => [52,2,470,28,280,697,233],
five => [53,13,446,41,263,709,238],
six => [54,32,436,32,263,709,238],
seven => [55,44,453,3,280,692,238],
eight => [56,30,434,36,263,709,238],
nine => [57,20,437,43,263,709,238],
colon => [58,66,116,68,278,461,471],
semicolon => [59,16,202,32,130,609,471],
less => [60,57,501,48,283,522,405],
equal => [61,51,504,51,419,250,541],
greater => [62,48,501,57,283,522,405],
question => [63,43,352,49,278,699,233],
at => [64,24,700,23,263,714,233],
A => [65,15,741,22,280,703,227],
B => [66,26,550,35,280,695,235],
C => [67,22,648,39,263,729,218],
D => [68,22,729,23,279,696,235],
E => [69,22,550,39,279,696,235],
F => [70,22,514,20,280,695,235],
G => [71,22,706,35,263,729,218],
H => [72,22,788,22,280,695,235],
I => [73,22,293,22,280,695,235],
J => [74,-15,326,22,89,886,235],
K => [75,22,697,7,280,695,235],
L => [76,22,564,25,279,696,235],
M => [77,16,910,20,270,705,235],
N => [78,17,796,18,263,712,235],
O => [79,22,742,22,263,729,218],
P => [80,22,558,24,280,695,235],
Q => [81,22,742,22,107,885,218],
R => [82,22,647,-1,280,695,235],
S => [83,24,479,22,263,729,218],
T => [84,18,577,18,280,695,235],
U => [85,12,747,19,263,712,235],
V => [86,8,698,16,274,701,235],
W => [87,8,976,16,274,709,227],
X => [88,14,634,19,280,703,227],
Y => [89,9,645,13,280,708,222],
Z => [90,15,623,29,280,695,235],
bracketleft => [91,79,209,45,99,910,201],
backslash => [92,81,431,94,283,726,201],
bracketright => [93,45,209,79,99,910,201],
asciicircum => [94,51,503,52,566,406,238],
underscore => [95,0,500,0,158,50,1002],
quoteleft => [96,45,188,45,729,263,218],
a => [97,32,439,29,271,481,458],
b => [98,-15,523,45,271,738,201],
c => [99,26,387,31,263,489,458],
d => [100,35,544,32,271,738,201],
e => [101,26,422,31,263,489,458],
f => [102,23,318,-8,280,731,199],
g => [103,32,512,12,0,752,458],
h => [104,6,566,10,280,729,201],
i => [105,21,250,20,280,690,240],
j => [106,-40,207,67,0,971,239],
k => [107,21,528,7,271,738,201],
l => [108,21,250,20,280,729,201],
m => [109,16,853,14,280,472,458],
n => [110,6,566,10,280,472,458],
o => [111,32,482,32,263,489,458],
p => [112,8,546,47,2,750,458],
q => [113,35,525,0,2,750,458],
r => [114,21,353,21,280,472,458],
s => [115,30,361,33,263,489,458],
t => [116,22,297,7,271,633,306],
u => [117,18,563,22,271,481,458],
v => [118,6,533,26,276,466,468],
w => [119,6,802,26,276,476,458],
x => [120,20,476,20,280,472,458],
y => [121,12,532,12,0,742,468],
z => [122,16,450,34,280,465,465],
braceleft => [123,58,231,44,108,901,201],
bar => [124,275,56,275,33,1000,177],
braceright => [125,44,231,58,108,901,201],
asciitilde => [126,51,504,51,459,171,580],
exclamdown => [161,81,116,81,58,694,458],
cent => [162,61,387,52,182,663,365],
sterling => [163,12,466,22,270,707,233],
fraction => [164,-166,503,-170,283,689,238],
yen => [165,5,491,4,280,705,225],
florin => [166,0,473,27,21,968,221],
section => [167,26,439,35,64,928,218],
currency => [168,30,440,30,379,435,396],
quotesingle => [169,60,88,60,752,240,218],
quotedblleft => [170,51,398,51,729,263,218],
guillemotleft => [171,50,400,50,354,357,499],
guilsinglleft => [172,66,199,66,354,357,499],
guilsinglright => [173,66,199,66,354,357,499],
fi => [174,23,564,18,280,731,199],
fl => [175,23,567,18,280,731,199],
endash => [177,0,500,0,502,58,650],
dagger => [178,34,432,34,278,699,233],
daggerdbl => [179,34,432,34,34,943,233],
periodcentered => [180,67,116,67,486,116,608],
paragraph => [182,39,550,39,133,845,232],
bullet => [183,131,344,131,455,344,411],
quotesinglbase => [184,22,188,68,130,263,817],
quotedblbase => [185,51,398,51,130,263,817],
quotedblright => [186,51,398,51,729,263,218],
guillemotright => [187,50,400,50,354,357,499],
ellipsis => [188,109,782,109,278,116,816],
perthousand => [189,123,898,123,263,729,218],
questiondown => [191,43,352,49,52,700,458],
grave => [193,31,224,78,789,171,250],
acute => [194,78,224,31,789,171,250],
circumflex => [195,11,312,10,793,167,250],
tilde => [196,2,330,1,818,105,287],
macron => [197,11,312,10,821,53,336],
breve => [198,26,282,25,789,158,263],
dotaccent => [199,70,111,69,859,111,240],
dieresis => [200,12,310,11,859,111,240],
ring => [202,67,200,66,779,200,231],
cedilla => [203,96,208,29,58,215,937],
hungarumlaut => [205,3,374,3,789,181,240],
ogonek => [206,50,238,25,58,205,947],
caron => [207,11,312,10,793,167,250],
emdash => [208,0,1000,0,502,58,650],
AE => [225,-10,918,36,279,696,235],
ordfeminine => [227,24,286,23,705,287,218],
Lslash => [232,6,580,25,279,696,235],
Oslash => [233,30,767,36,263,729,218],
OE => [234,22,940,36,263,729,218],
ordmasculine => [235,10,313,10,699,293,218],
ae => [241,30,702,26,263,489,458],
dotlessi => [245,21,250,16,280,472,458],
lslash => [248,-14,320,-15,280,729,201],
oslash => [249,16,514,26,260,497,453],
oe => [250,32,768,27,263,489,458],
germandbls => [251,23,496,37,274,740,196],
Idieresis => [-1,14,310,13,280,871,59],
eacute => [-1,26,422,31,263,717,230],
abreve => [-1,32,439,29,271,696,243],
uhungarumlaut => [-1,18,563,22,271,719,220],
ecaron => [-1,26,422,31,263,717,230],
Ydieresis => [-1,9,645,13,280,871,59],
divide => [-1,51,504,51,293,502,415],
Yacute => [-1,9,645,13,280,911,19],
Acircumflex => [-1,15,741,22,280,911,19],
aacute => [-1,32,439,29,271,709,230],
Ucircumflex => [-1,12,747,19,263,928,19],
yacute => [-1,12,532,12,0,980,230],
scommaaccent => [-1,30,361,33,20,732,458],
ecircumflex => [-1,26,422,31,263,717,230],
Uring => [-1,12,747,19,263,947,0],
Udieresis => [-1,12,747,19,263,888,59],
aogonek => [-1,32,456,12,58,694,458],
Uacute => [-1,12,747,19,263,928,19],
uogonek => [-1,18,610,-25,58,694,458],
Edieresis => [-1,22,550,39,279,872,59],
Dcroat => [-1,14,737,23,280,695,235],
commaaccent => [-1,53,160,37,0,233,977],
copyright => [-1,11,725,11,265,724,221],
Emacron => [-1,22,550,39,279,826,105],
ccaron => [-1,26,387,31,263,717,230],
aring => [-1,32,439,29,271,728,211],
Ncommaaccent => [-1,17,796,18,0,975,235],
lacute => [-1,21,300,-30,280,930,0],
agrave => [-1,32,439,29,271,709,230],
Tcommaaccent => [-1,18,577,18,0,975,235],
Cacute => [-1,22,648,39,263,928,19],
atilde => [-1,32,439,29,271,684,255],
Edotaccent => [-1,22,550,39,279,872,59],
scaron => [-1,30,361,33,263,717,230],
scedilla => [-1,30,361,33,58,694,458],
iacute => [-1,21,258,8,280,700,230],
lozenge => [-1,21,430,20,283,710,217],
Rcaron => [-1,22,647,-1,280,911,19],
Gcommaaccent => [-1,22,706,35,0,992,218],
ucircumflex => [-1,18,563,22,271,709,230],
acircumflex => [-1,32,439,29,271,709,230],
Amacron => [-1,15,741,22,280,825,105],
rcaron => [-1,21,353,21,280,700,230],
ccedilla => [-1,26,387,31,58,694,458],
Zdotaccent => [-1,15,623,29,280,871,59],
Thorn => [-1,32,542,30,280,695,235],
Omacron => [-1,22,742,22,263,842,105],
Racute => [-1,22,647,-1,280,911,19],
Sacute => [-1,24,479,22,263,928,19],
dcaron => [-1,35,649,-13,271,748,191],
Umacron => [-1,12,747,19,263,842,105],
uring => [-1,18,563,22,271,728,211],
threesuperior => [-1,1,298,1,549,423,238],
Ograve => [-1,22,742,22,263,928,19],
Agrave => [-1,15,741,22,280,911,19],
Abreve => [-1,15,741,22,280,918,12],
multiply => [-1,83,440,83,319,438,453],
uacute => [-1,18,563,22,271,709,230],
Tcaron => [-1,18,577,18,280,911,19],
partialdiff => [-1,34,416,26,262,732,216],
ydieresis => [-1,12,532,12,0,940,270],
Nacute => [-1,17,796,18,263,928,19],
icircumflex => [-1,-12,312,-13,280,700,230],
Ecircumflex => [-1,22,550,39,279,912,19],
adieresis => [-1,32,439,29,271,669,270],
edieresis => [-1,26,422,31,263,677,270],
cacute => [-1,26,387,31,263,717,230],
nacute => [-1,6,566,10,280,700,230],
umacron => [-1,18,563,22,271,623,316],
Ncaron => [-1,17,796,18,263,928,19],
Iacute => [-1,22,293,22,280,911,19],
plusminus => [-1,51,504,51,283,512,415],
brokenbar => [-1,275,56,275,108,850,252],
registered => [-1,11,725,11,265,724,221],
Gbreve => [-1,22,706,35,263,935,12],
Idotaccent => [-1,22,293,22,280,871,59],
summation => [-1,15,571,14,273,716,221],
Egrave => [-1,22,550,39,279,912,19],
racute => [-1,21,353,21,280,700,230],
omacron => [-1,32,482,32,263,631,316],
Zacute => [-1,15,623,29,280,911,19],
Zcaron => [-1,15,623,29,280,911,19],
greaterequal => [-1,26,497,26,283,643,284],
Eth => [-1,14,737,23,280,695,235],
Ccedilla => [-1,22,648,39,58,934,218],
lcommaaccent => [-1,21,250,20,20,989,201],
tcaron => [-1,22,379,-15,271,758,181],
eogonek => [-1,26,422,31,58,694,458],
Uogonek => [-1,12,747,19,58,917,235],
Aacute => [-1,15,741,22,280,911,19],
Adieresis => [-1,15,741,22,280,871,59],
egrave => [-1,26,422,31,263,717,230],
zacute => [-1,16,450,34,280,700,230],
iogonek => [-1,21,297,-27,58,912,240],
Oacute => [-1,22,742,22,263,928,19],
oacute => [-1,32,482,32,263,717,230],
amacron => [-1,32,439,29,271,623,316],
sacute => [-1,30,361,33,263,717,230],
idieresis => [-1,-11,310,-12,280,660,270],
Ocircumflex => [-1,22,742,22,263,928,19],
Ugrave => [-1,12,747,19,263,928,19],
Delta => [-1,6,602,-8,283,688,239],
thorn => [-1,-2,546,57,2,1007,201],
twosuperior => [-1,0,301,-1,556,416,238],
Odieresis => [-1,22,742,22,263,888,59],
mu => [-1,18,563,22,47,705,458],
igrave => [-1,8,263,16,280,700,230],
ohungarumlaut => [-1,32,482,32,263,727,220],
Eogonek => [-1,22,550,39,58,917,235],
dcroat => [-1,35,544,32,271,738,201],
threequarters => [-1,15,720,15,280,692,238],
Scedilla => [-1,24,479,22,58,934,218],
lcaron => [-1,21,355,-5,280,729,201],
Kcommaaccent => [-1,22,697,7,0,975,235],
Lacute => [-1,22,564,25,279,912,19],
trademark => [-1,40,899,40,568,404,238],
edotaccent => [-1,26,422,31,263,677,270],
Igrave => [-1,22,293,22,280,911,19],
Imacron => [-1,13,312,12,280,825,105],
Lcaron => [-1,22,564,25,279,720,211],
onehalf => [-1,15,720,15,280,695,235],
lessequal => [-1,26,497,26,283,642,285],
ocircumflex => [-1,32,482,32,263,717,230],
ntilde => [-1,6,566,10,280,675,255],
Uhungarumlaut => [-1,12,747,19,263,938,9],
Eacute => [-1,22,550,39,279,912,19],
emacron => [-1,26,422,31,263,631,316],
gbreve => [-1,32,512,12,0,1007,203],
onequarter => [-1,30,697,23,280,695,235],
Scaron => [-1,24,479,22,263,928,19],
Scommaaccent => [-1,24,479,22,0,992,218],
Ohungarumlaut => [-1,22,742,22,263,938,9],
degree => [-1,50,300,50,672,300,238],
ograve => [-1,32,482,32,263,717,230],
Ccaron => [-1,22,648,39,263,928,19],
ugrave => [-1,18,563,22,271,709,230],
radical => [-1,12,430,11,228,802,180],
Dcaron => [-1,22,729,23,279,912,19],
rcommaaccent => [-1,21,353,21,20,732,458],
Ntilde => [-1,17,796,18,263,891,56],
otilde => [-1,32,482,32,263,692,255],
Rcommaaccent => [-1,22,647,-1,0,975,235],
Lcommaaccent => [-1,22,564,25,0,975,235],
Atilde => [-1,15,741,22,280,874,56],
Aogonek => [-1,15,753,10,58,925,227],
Aring => [-1,15,741,22,280,930,0],
Otilde => [-1,22,742,22,263,903,44],
zdotaccent => [-1,16,450,34,280,660,270],
Ecaron => [-1,22,550,39,279,912,19],
Iogonek => [-1,22,306,9,58,917,235],
kcommaaccent => [-1,21,528,7,20,989,201],
minus => [-1,51,504,51,516,56,638],
Icircumflex => [-1,13,312,12,280,911,19],
ncaron => [-1,6,566,10,280,700,230],
tcommaaccent => [-1,22,297,7,20,884,306],
logicalnot => [-1,51,500,55,403,266,541],
odieresis => [-1,32,482,32,263,677,270],
udieresis => [-1,18,563,22,271,669,270],
notequal => [-1,12,525,12,267,554,389],
gcommaaccent => [-1,32,512,12,0,1056,154],
eth => [-1,32,472,42,263,748,199],
zcaron => [-1,16,450,34,280,700,230],
ncommaaccent => [-1,6,566,10,20,732,458],
onesuperior => [-1,31,238,31,556,419,235],
imacron => [-1,21,250,20,280,594,336],
Euro => [-1,-38,503,35,263,729,218],
Ccircumflex => [-1,22,648,39,263,979,-32],
ccircumflex => [-1,26,387,31,263,756,191],
Cdotaccent => [-1,22,648,39,263,912,35],
cdotaccent => [-1,26,387,31,263,689,258],
Ebreve => [-1,22,550,39,280,953,-23],
ebreve => [-1,26,422,31,263,747,200],
Gcircumflex => [-1,22,706,35,263,979,-32],
gcircumflex => [-1,32,512,12,0,1019,191],
Gdotaccent => [-1,22,706,35,263,912,35],
gdotaccent => [-1,32,512,12,0,952,258],
Hcircumflex => [-1,22,788,22,280,962,-32],
hcircumflex => [-1,6,566,10,280,996,-66],
Hbar => [-1,21,789,22,280,695,235],
hbar => [-1,6,566,10,280,729,201],
Itilde => [-1,4,330,3,280,900,30],
itilde => [-1,-19,330,-24,280,677,253],
Ibreve => [-1,22,293,22,280,953,-23],
ibreve => [-1,5,282,0,280,730,200],
IJ => [-1,22,640,28,87,888,235],
ij => [-1,21,398,85,0,971,239],
Jcircumflex => [-1,-15,326,22,87,1155,-32],
jcircumflex => [-1,-59,312,-19,0,1022,188],
kgreenlandic => [-1,21,528,7,271,481,458],
Ldot => [-1,22,564,25,280,695,235],
ldot => [-1,21,359,60,280,729,201],
napostrophe => [-1,6,566,10,280,743,187],
Obreve => [-1,22,742,22,263,970,-23],
obreve => [-1,32,482,32,263,747,200],
Scircumflex => [-1,24,479,22,263,979,-32],
scircumflex => [-1,30,361,33,263,756,191],
Tbar => [-1,18,577,18,280,695,235],
tbar => [-1,22,297,7,271,633,306],
Tcedilla => [-1,18,577,18,0,975,235],
tcedilla => [-1,22,297,7,20,884,306],
Utilde => [-1,12,747,19,263,917,30],
utilde => [-1,18,563,22,271,686,253],
Ubreve => [-1,12,747,19,263,970,-23],
ubreve => [-1,18,563,22,271,739,200],
Wcircumflex => [-1,8,976,16,274,968,-32],
wcircumflex => [-1,6,802,26,276,743,191],
Ycircumflex => [-1,9,645,13,280,962,-32],
ycircumflex => [-1,12,532,12,0,1019,191],
longs => [-1,23,318,-8,280,731,199],
infinity => [-1,5,652,9,358,377,475],
'.notdef' => [-1,0,0,250,283,0,927]}});
