('Palatino-Bold' => {
  name            => 'Palatino-Bold',
  family          => 'Palatino',
  height          => 1190,
  weight          => fw::Bold,
  style           => fs::Bold,
  pitch           => fp::Variable,
  vector          => 1,
  ascent          => 924,
  descent         => 266,
  maximalWidth    => 1190,
  width           => 1190,
  internalLeading => 190,
  externalLeading => 63,
  firstChar       => 32,
  lastChar        => 251,
  breakChar       => 32,
  defaultChar     => 32,
  xDeviceRes      => 72.27,
  yDeviceRes      => 72.27,
  size            => 1000,
  encoding        => 'Latin1',
  chardata        => {
space => [32,0,0,250,266,0,924],
exclam => [33,63,156,59,254,700,236],
quotedbl => [34,22,358,22,642,319,229],
numbersign => [35,4,492,4,266,673,251],
dollar => [36,28,444,28,152,835,203],
percent => [37,61,767,61,257,723,210],
ampersand => [38,52,761,20,249,701,240],
quoteright => [39,29,220,29,671,290,229],
parenleft => [40,65,240,28,162,827,201],
parenright => [41,28,240,65,162,827,201],
asterisk => [42,44,355,45,598,363,229],
plus => [43,51,504,51,266,505,419],
comma => [44,-6,233,23,100,307,783],
hyphen => [45,16,301,16,461,110,619],
period => [46,47,156,47,254,156,780],
slash => [47,-9,314,-9,249,737,204],
zero => [48,33,435,32,249,677,264],
one => [49,35,420,45,263,673,254],
two => [50,25,447,28,263,663,264],
three => [51,22,436,42,249,677,264],
four => [52,12,461,27,263,675,252],
five => [53,42,430,28,249,673,268],
six => [54,37,432,31,249,677,264],
seven => [55,46,447,7,263,659,268],
eight => [56,34,433,33,249,677,264],
nine => [57,31,432,37,249,677,264],
colon => [58,47,156,47,254,466,470],
semicolon => [59,-6,233,23,100,620,470],
less => [60,49,509,48,251,534,405],
equal => [61,51,504,51,380,282,528],
greater => [62,49,509,48,251,534,405],
question => [63,43,368,33,254,699,237],
at => [64,42,662,43,254,693,243],
A => [65,24,733,21,263,689,238],
B => [66,39,572,56,263,684,243],
C => [67,44,651,27,249,712,229],
D => [68,35,751,47,263,684,243],
E => [69,39,538,34,262,685,243],
F => [70,28,511,17,263,684,243],
G => [71,47,729,57,249,712,229],
H => [72,36,760,37,263,684,243],
I => [73,39,311,39,263,684,243],
J => [74,-11,361,39,53,894,243],
K => [75,39,724,15,263,684,243],
L => [76,39,538,34,262,685,243],
M => [77,32,936,32,256,691,243],
N => [78,35,763,35,250,697,243],
O => [79,47,740,46,249,712,229],
P => [80,39,555,17,263,684,243],
Q => [81,47,740,46,82,879,229],
R => [82,39,669,14,263,684,243],
S => [83,57,502,52,249,712,229],
T => [84,17,633,17,263,684,243],
U => [85,26,734,18,249,698,243],
V => [86,20,743,15,263,684,243],
W => [87,17,971,12,263,689,238],
X => [88,17,633,17,263,698,229],
Y => [89,15,645,7,263,698,229],
Z => [90,24,603,40,263,684,243],
bracketleft => [91,73,218,42,162,824,204],
backslash => [92,72,462,72,266,720,204],
bracketright => [93,42,218,73,162,824,204],
asciicircum => [94,52,502,52,541,403,246],
underscore => [95,0,500,0,141,50,999],
quoteleft => [96,29,220,29,671,290,229],
a => [97,40,438,22,249,488,453],
b => [98,10,546,55,249,737,204],
c => [99,37,377,30,249,488,453],
d => [100,42,535,34,249,737,204],
e => [101,42,419,39,249,488,453],
f => [102,34,347,8,263,723,204],
g => [103,26,509,21,0,737,453],
h => [104,24,563,24,263,723,204],
i => [105,34,264,35,263,709,218],
j => [106,3,238,92,0,972,218],
k => [107,21,576,14,263,723,204],
l => [108,24,272,37,263,723,204],
m => [109,24,840,25,263,474,453],
n => [110,24,563,24,263,474,453],
o => [111,40,477,39,249,488,453],
p => [112,29,538,44,8,729,453],
q => [113,52,537,22,8,729,453],
r => [114,30,359,0,263,474,453],
s => [115,39,366,39,249,488,453],
t => [116,22,302,9,249,649,292],
u => [117,25,558,28,249,488,453],
v => [118,11,534,11,263,462,465],
w => [119,13,807,13,263,474,453],
x => [120,20,463,17,263,474,453],
y => [121,10,536,10,0,725,465],
z => [122,16,448,36,263,462,465],
braceleft => [123,5,283,22,149,842,199],
bar => [124,260,86,260,16,1000,174],
braceright => [125,22,283,5,149,842,199],
asciitilde => [126,51,504,51,421,187,582],
exclamdown => [161,59,156,63,39,698,453],
cent => [162,73,377,50,160,660,370],
sterling => [163,-2,503,-1,247,695,248],
fraction => [164,-152,472,-153,266,660,264],
yen => [165,17,466,17,263,698,229],
florin => [166,11,479,10,24,945,221],
section => [167,30,441,29,49,912,229],
currency => [168,32,436,32,362,437,391],
quotesingle => [169,45,136,46,642,319,229],
quotedblleft => [170,34,432,34,671,290,229],
guillemotleft => [171,36,427,37,310,394,486],
guilsinglleft => [172,82,225,82,310,394,486],
guilsinglright => [173,82,225,82,310,394,486],
fi => [174,10,585,16,263,723,204],
fl => [175,17,576,18,263,723,204],
endash => [177,0,500,0,474,83,633],
dagger => [178,29,443,28,260,688,242],
daggerdbl => [179,32,436,32,21,927,242],
periodcentered => [180,47,156,47,445,156,589],
paragraph => [182,19,580,42,105,844,241],
bullet => [183,131,344,131,438,344,408],
quotesinglbase => [184,56,220,57,106,290,794],
quotedblbase => [185,34,432,34,106,290,794],
quotedblright => [186,34,432,34,671,290,229],
guillemotright => [187,37,427,36,310,394,486],
ellipsis => [188,89,822,89,254,156,780],
perthousand => [189,33,949,18,257,733,200],
questiondown => [191,33,368,43,35,702,453],
grave => [193,18,238,77,772,185,233],
acute => [194,78,238,17,772,185,233],
circumflex => [195,-2,337,-2,772,175,243],
tilde => [196,-16,365,-16,801,126,263],
macron => [197,1,331,1,804,71,315],
breve => [198,15,303,15,772,163,255],
dotaccent => [199,92,150,91,822,150,218],
dieresis => [200,-8,349,-8,822,134,234],
ring => [202,67,200,66,766,200,224],
cedilla => [203,73,227,33,41,218,931],
hungarumlaut => [205,-56,446,-57,772,185,233],
ogonek => [206,49,238,46,41,205,944],
caron => [207,-2,337,-2,776,175,239],
emdash => [208,0,1000,0,474,83,633],
AE => [225,12,942,46,262,685,243],
ordfeminine => [227,77,284,77,633,293,264],
Lslash => [232,16,561,34,262,685,243],
Oslash => [233,32,776,25,246,718,226],
OE => [234,43,942,15,249,712,229],
ordmasculine => [235,89,310,89,633,293,264],
ae => [241,46,685,47,249,488,453],
dotlessi => [245,34,264,35,263,474,453],
lslash => [248,-4,338,-1,263,723,204],
oslash => [249,23,511,22,248,489,453],
oe => [250,48,751,34,249,488,453],
germandbls => [251,30,535,46,249,737,204],
Idieresis => [-1,20,349,20,263,898,29],
eacute => [-1,42,419,39,249,728,213],
abreve => [-1,40,438,22,249,706,235],
uhungarumlaut => [-1,25,558,28,249,728,213],
ecaron => [-1,42,419,39,249,742,199],
Ydieresis => [-1,15,645,7,263,898,29],
divide => [-1,51,504,51,266,510,414],
Yacute => [-1,15,645,7,263,918,9],
Acircumflex => [-1,24,733,21,263,908,19],
aacute => [-1,40,438,22,249,728,213],
Ucircumflex => [-1,26,734,18,249,922,19],
yacute => [-1,10,536,10,0,977,213],
scommaaccent => [-1,39,366,39,0,737,453],
ecircumflex => [-1,42,419,39,249,738,203],
Uring => [-1,26,734,18,249,941,0],
Udieresis => [-1,26,734,18,249,912,29],
aogonek => [-1,40,438,22,41,696,453],
Uacute => [-1,26,734,18,249,932,9],
uogonek => [-1,25,617,-31,65,672,453],
Edieresis => [-1,39,538,34,262,899,29],
Dcroat => [-1,10,776,47,263,684,243],
commaaccent => [-1,48,155,47,0,216,974],
copyright => [-1,26,694,27,249,712,229],
Emacron => [-1,39,538,34,262,837,91],
ccaron => [-1,37,384,23,249,722,219],
aring => [-1,40,438,22,249,737,204],
Ncommaaccent => [-1,35,763,35,0,947,243],
lacute => [-1,24,312,-3,263,927,0],
agrave => [-1,40,438,22,249,728,213],
Tcommaaccent => [-1,17,633,17,0,947,243],
Cacute => [-1,44,651,27,249,932,9],
atilde => [-1,40,438,22,249,710,231],
Edotaccent => [-1,39,538,34,262,914,14],
scaron => [-1,39,366,39,249,722,219],
scedilla => [-1,39,366,39,41,696,453],
iacute => [-1,34,282,17,263,714,213],
lozenge => [-1,7,458,6,266,732,192],
Rcaron => [-1,39,669,14,263,912,15],
Gcommaaccent => [-1,47,729,57,0,961,229],
ucircumflex => [-1,25,558,28,249,718,223],
acircumflex => [-1,40,438,22,249,718,223],
Amacron => [-1,24,733,21,263,836,91],
rcaron => [-1,30,359,0,263,708,219],
ccedilla => [-1,37,377,30,41,696,453],
Zdotaccent => [-1,24,603,40,263,913,14],
Thorn => [-1,39,535,37,263,684,243],
Omacron => [-1,47,740,46,249,850,91],
Racute => [-1,39,669,14,263,918,9],
Sacute => [-1,57,502,52,249,932,9],
dcaron => [-1,42,656,-23,249,741,200],
Umacron => [-1,26,734,18,249,850,91],
uring => [-1,25,558,28,249,737,204],
threesuperior => [-1,9,283,8,527,406,257],
Ograve => [-1,47,740,46,249,932,9],
Agrave => [-1,24,733,21,263,918,9],
Abreve => [-1,24,733,21,263,896,31],
multiply => [-1,72,462,72,287,462,441],
uacute => [-1,25,558,28,249,728,213],
Tcaron => [-1,17,633,17,263,912,15],
partialdiff => [-1,9,458,9,228,756,206],
ydieresis => [-1,10,536,10,0,976,214],
Nacute => [-1,35,763,35,250,931,9],
icircumflex => [-1,-2,337,-2,263,704,223],
Ecircumflex => [-1,39,538,34,262,909,19],
adieresis => [-1,40,438,22,249,708,233],
edieresis => [-1,42,419,39,249,708,233],
cacute => [-1,37,377,30,249,748,193],
nacute => [-1,24,563,24,263,714,213],
umacron => [-1,25,558,28,249,626,315],
Ncaron => [-1,35,763,35,250,925,15],
Iacute => [-1,39,311,39,263,918,9],
plusminus => [-1,51,504,51,266,505,419],
brokenbar => [-1,260,86,260,91,850,249],
registered => [-1,26,694,27,249,712,229],
Gbreve => [-1,47,729,57,249,910,31],
Idotaccent => [-1,39,311,39,263,913,14],
summation => [-1,15,571,14,256,716,218],
Egrave => [-1,39,538,34,262,919,9],
racute => [-1,30,374,-15,263,714,213],
omacron => [-1,40,477,39,249,626,315],
Zacute => [-1,24,603,40,263,918,9],
Zcaron => [-1,24,603,40,263,912,15],
greaterequal => [-1,26,497,26,266,682,242],
Eth => [-1,10,776,47,263,684,243],
Ccedilla => [-1,44,651,27,41,920,229],
lcommaaccent => [-1,24,272,37,0,986,204],
tcaron => [-1,22,408,-27,249,758,183],
eogonek => [-1,42,419,39,51,686,453],
Uogonek => [-1,26,734,18,41,906,243],
Aacute => [-1,24,733,21,263,918,9],
Adieresis => [-1,24,733,21,263,898,29],
egrave => [-1,42,419,39,249,728,213],
zacute => [-1,16,448,36,263,714,213],
iogonek => [-1,34,266,33,41,931,218],
Oacute => [-1,47,740,46,249,932,9],
oacute => [-1,40,477,39,249,728,213],
amacron => [-1,40,438,22,249,626,315],
sacute => [-1,39,366,39,249,728,213],
idieresis => [-1,-8,349,-8,263,713,214],
Ocircumflex => [-1,47,740,46,249,922,19],
Ugrave => [-1,26,734,18,249,932,9],
Delta => [-1,6,602,6,266,688,236],
thorn => [-1,17,546,48,8,978,204],
twosuperior => [-1,5,290,5,527,399,264],
Odieresis => [-1,47,740,46,249,912,29],
mu => [-1,25,558,28,41,696,453],
igrave => [-1,18,280,35,263,714,213],
ohungarumlaut => [-1,40,522,-6,249,728,213],
Eogonek => [-1,39,542,30,41,906,243],
dcroat => [-1,42,565,4,249,737,204],
threequarters => [-1,15,720,15,264,669,257],
Scedilla => [-1,57,502,52,41,920,229],
lcaron => [-1,24,391,-22,263,727,200],
Kcommaaccent => [-1,39,724,15,0,947,243],
Lacute => [-1,39,538,34,262,919,9],
trademark => [-1,38,923,37,540,404,246],
edotaccent => [-1,42,419,39,249,724,217],
Igrave => [-1,39,311,39,263,918,9],
Imacron => [-1,29,331,29,263,836,91],
Lcaron => [-1,39,538,34,262,699,229],
onehalf => [-1,9,736,5,264,667,259],
lessequal => [-1,26,497,26,266,682,242],
ocircumflex => [-1,40,477,39,249,718,223],
ntilde => [-1,24,563,24,263,696,231],
Uhungarumlaut => [-1,26,734,18,249,932,9],
Eacute => [-1,39,538,34,262,919,9],
emacron => [-1,42,419,39,249,646,295],
gbreve => [-1,26,509,21,0,955,235],
onequarter => [-1,19,716,15,264,667,259],
Scaron => [-1,57,502,52,249,926,15],
Scommaaccent => [-1,57,502,52,0,961,229],
Ohungarumlaut => [-1,47,740,46,249,932,9],
degree => [-1,50,300,50,626,300,264],
ograve => [-1,40,477,39,249,728,213],
Ccaron => [-1,44,651,27,249,926,15],
ugrave => [-1,25,558,28,249,728,213],
radical => [-1,-9,472,-10,175,856,159],
Dcaron => [-1,35,751,47,263,912,15],
rcommaaccent => [-1,30,359,0,0,737,453],
Ntilde => [-1,35,763,35,250,901,39],
otilde => [-1,40,477,39,249,710,231],
Rcommaaccent => [-1,39,669,14,0,947,243],
Lcommaaccent => [-1,39,538,34,0,947,243],
Atilde => [-1,24,733,21,263,888,39],
Aogonek => [-1,24,743,11,41,911,238],
Aring => [-1,24,733,21,263,927,0],
Otilde => [-1,47,740,46,249,902,39],
zdotaccent => [-1,16,448,36,263,710,217],
Ecaron => [-1,39,538,34,262,913,15],
Iogonek => [-1,39,313,37,41,906,243],
kcommaaccent => [-1,21,576,14,0,986,204],
minus => [-1,51,504,51,478,86,626],
Icircumflex => [-1,26,337,26,263,908,19],
ncaron => [-1,24,563,24,263,708,219],
tcommaaccent => [-1,22,302,9,0,898,292],
logicalnot => [-1,51,504,51,380,282,528],
odieresis => [-1,40,477,39,249,727,214],
udieresis => [-1,25,558,28,249,727,214],
notequal => [-1,12,525,12,226,594,370],
gcommaaccent => [-1,26,509,21,0,1006,184],
eth => [-1,40,477,39,249,737,204],
zcaron => [-1,16,448,36,263,708,219],
ncommaaccent => [-1,24,563,24,0,737,453],
onesuperior => [-1,14,273,13,527,404,259],
imacron => [-1,34,264,35,263,612,315],
Euro => [-1,1,469,30,249,712,229],
Ccircumflex => [-1,44,651,27,249,973,-32],
ccircumflex => [-1,37,377,30,249,763,178],
Cdotaccent => [-1,44,651,27,249,932,9],
cdotaccent => [-1,37,377,30,249,722,219],
Ebreve => [-1,39,538,34,262,948,-20],
ebreve => [-1,42,419,39,249,751,190],
Gcircumflex => [-1,47,729,57,249,973,-32],
gcircumflex => [-1,26,509,21,0,1012,178],
Gdotaccent => [-1,47,729,57,249,932,9],
gdotaccent => [-1,26,509,21,0,971,219],
Hcircumflex => [-1,36,760,37,263,959,-32],
hcircumflex => [-1,24,563,24,263,998,-71],
Hbar => [-1,36,760,37,263,684,243],
hbar => [-1,22,565,24,263,723,204],
Itilde => [-1,12,365,12,263,910,17],
itilde => [-1,-16,364,-15,263,700,227],
Ibreve => [-1,39,311,39,263,947,-20],
ibreve => [-1,14,304,15,263,737,190],
IJ => [-1,39,666,25,53,894,243],
ij => [-1,34,507,91,0,972,218],
Jcircumflex => [-1,-11,361,39,53,1169,-32],
jcircumflex => [-1,-2,337,-2,0,947,243],
kgreenlandic => [-1,21,576,14,263,474,453],
Ldot => [-1,39,538,34,262,685,243],
ldot => [-1,24,418,52,263,723,204],
napostrophe => [-1,24,563,24,263,762,165],
Obreve => [-1,47,740,46,249,961,-20],
obreve => [-1,40,477,39,249,751,190],
Scircumflex => [-1,57,502,52,249,973,-32],
scircumflex => [-1,39,366,39,249,763,178],
Tbar => [-1,17,633,17,263,684,243],
tbar => [-1,18,306,9,249,649,292],
Tcedilla => [-1,17,633,17,0,947,243],
tcedilla => [-1,22,302,9,0,898,292],
Utilde => [-1,26,734,18,249,924,17],
utilde => [-1,25,558,28,249,714,227],
Ubreve => [-1,26,734,18,249,961,-20],
ubreve => [-1,25,558,28,249,751,190],
Wcircumflex => [-1,17,971,12,263,959,-32],
wcircumflex => [-1,13,807,13,263,749,178],
Ycircumflex => [-1,15,645,7,263,959,-32],
ycircumflex => [-1,10,536,10,0,1012,178],
longs => [-1,34,347,8,263,723,204],
infinity => [-1,9,624,15,306,392,492],
'.notdef' => [-1,0,0,250,266,0,924]}});
