('Palatino-Italic' => {
  name            => 'Palatino-Italic',
  family          => 'Palatino',
  height          => 1194,
  weight          => fw::Medium,
  style           => fs::Italic,
  pitch           => fp::Variable,
  vector          => 1,
  ascent          => 918,
  descent         => 276,
  maximalWidth    => 1194,
  width           => 1194,
  internalLeading => 194,
  externalLeading => 64,
  firstChar       => 32,
  lastChar        => 251,
  breakChar       => 32,
  defaultChar     => 32,
  xDeviceRes      => 72.27,
  yDeviceRes      => 72.27,
  size            => 1000,
  encoding        => 'Latin1',
  chardata        => {
space => [32,0,0,250,276,0,918],
exclam => [33,76,216,41,268,741,185],
quotedbl => [34,140,315,45,784,225,185],
numbersign => [35,4,491,5,276,692,226],
dollar => [36,15,437,48,163,846,185],
percent => [37,74,735,80,269,717,208],
ampersand => [38,47,719,12,258,710,226],
quoteright => [39,78,180,20,764,245,185],
parenleft => [40,54,277,2,170,839,185],
parenright => [41,2,277,54,170,839,185],
asterisk => [42,76,324,-11,644,338,212],
plus => [43,51,504,51,276,504,414],
comma => [44,8,195,47,133,266,795],
hyphen => [45,19,285,29,499,58,637],
period => [46,53,105,92,271,117,806],
slash => [47,-40,432,-96,157,852,185],
zero => [48,36,444,20,265,710,219],
one => [49,54,344,102,273,702,219],
two => [50,12,425,63,273,702,219],
three => [51,22,425,53,265,710,219],
four => [52,15,463,22,273,702,219],
five => [53,14,477,9,265,704,225],
six => [54,49,420,31,265,710,219],
seven => [55,53,449,-2,273,695,226],
eight => [56,36,433,31,265,710,219],
nine => [57,32,436,32,265,710,219],
colon => [58,44,163,43,271,463,460],
semicolon => [59,-9,228,31,130,602,462],
less => [60,53,501,52,270,522,402],
equal => [61,51,504,51,402,252,540],
greater => [62,53,501,52,270,522,402],
question => [63,114,313,73,268,714,212],
at => [64,27,691,29,258,724,212],
A => [65,-19,696,45,273,708,213],
B => [66,26,533,52,270,698,226],
C => [67,45,606,16,258,724,212],
D => [68,28,713,37,273,695,226],
E => [69,30,540,41,273,695,226],
F => [70,0,548,8,273,695,226],
G => [71,50,644,28,258,724,212],
H => [72,-3,803,-22,273,695,226],
I => [73,7,347,-21,273,695,226],
J => [74,-35,393,-25,70,898,226],
K => [75,13,670,-16,273,695,226],
L => [76,16,507,33,273,695,226],
M => [77,-19,959,4,258,710,226],
N => [78,2,802,-26,265,703,226],
O => [79,53,695,30,258,724,212],
P => [80,9,585,17,273,695,226],
Q => [81,53,695,30,75,907,212],
R => [82,9,630,28,273,695,226],
S => [83,42,464,50,258,724,212],
T => [84,53,582,-24,273,695,226],
U => [85,88,710,-20,258,710,226],
V => [86,75,679,-32,268,700,226],
W => [87,71,909,-36,268,708,218],
X => [88,20,714,-12,273,695,226],
Y => [89,52,623,-8,273,708,213],
Z => [90,20,617,30,273,695,226],
bracketleft => [91,18,308,7,176,833,185],
backslash => [92,81,432,93,276,733,185],
bracketright => [93,7,308,18,176,833,185],
asciicircum => [94,51,503,52,559,406,229],
underscore => [95,0,500,0,151,50,993],
quoteleft => [96,78,180,20,764,245,185],
a => [97,4,402,38,265,493,436],
b => [98,37,396,30,265,744,185],
c => [99,25,364,18,265,493,436],
d => [100,17,466,17,265,744,185],
e => [101,15,359,15,265,493,436],
f => [102,-162,575,-135,0,1009,185],
g => [103,-37,535,2,0,758,436],
h => [104,10,461,29,267,742,185],
i => [105,34,230,14,267,721,206],
j => [106,-70,335,13,0,988,206],
k => [107,8,441,-5,267,742,185],
l => [108,36,215,27,267,742,185],
m => [109,24,716,38,267,491,436],
n => [110,24,490,42,267,491,436],
o => [111,17,394,33,265,493,436],
p => [112,-7,472,35,0,758,436],
q => [113,24,408,31,0,758,436],
r => [114,26,358,5,267,491,436],
s => [115,9,336,44,265,493,436],
t => [116,41,269,23,267,655,272],
u => [117,32,480,44,265,493,436],
v => [118,21,456,23,265,493,436],
w => [119,21,678,23,265,493,436],
x => [120,9,475,16,265,493,436],
y => [121,-8,498,10,0,758,436],
z => [122,-1,417,28,265,493,436],
braceleft => [123,15,304,14,176,833,185],
bar => [124,275,56,275,26,1000,168],
braceright => [125,14,304,15,176,833,185],
asciitilde => [126,51,504,51,444,171,579],
exclamdown => [161,15,218,100,0,743,451],
cent => [162,56,362,82,180,647,367],
sterling => [163,2,477,21,258,726,210],
fraction => [164,-170,507,-170,276,699,219],
yen => [165,35,477,-12,273,702,219],
florin => [166,5,465,30,0,984,210],
section => [167,14,449,37,56,926,212],
currency => [168,14,472,14,391,462,341],
quotesingle => [169,140,148,45,784,225,185],
quotedblleft => [170,98,377,25,764,245,185],
guillemotleft => [171,57,380,63,346,370,478],
guilsinglleft => [172,57,213,63,346,370,478],
guilsinglright => [173,63,213,57,346,370,478],
fi => [174,-162,664,26,0,1009,185],
fl => [175,-162,682,25,0,1009,185],
endash => [177,-10,520,-10,504,50,640],
dagger => [178,48,421,31,276,692,226],
daggerdbl => [179,10,484,6,114,854,226],
periodcentered => [180,53,105,92,471,117,606],
paragraph => [182,33,578,-111,52,916,226],
bullet => [183,86,344,70,458,344,392],
quotesinglbase => [184,27,184,67,154,242,798],
quotedblbase => [185,43,381,76,154,242,798],
quotedblright => [186,98,377,25,764,245,185],
guillemotright => [187,63,380,57,346,370,478],
ellipsis => [188,102,771,127,271,117,806],
perthousand => [189,72,857,71,270,723,201],
questiondown => [191,57,313,130,30,713,451],
grave => [193,86,224,23,794,169,231],
acute => [194,122,224,-13,794,169,231],
circumflex => [195,56,294,-17,786,169,239],
tilde => [196,63,327,-57,811,103,280],
macron => [197,74,312,-53,814,51,329],
breve => [198,92,301,-60,794,159,241],
dotaccent => [199,189,94,50,880,108,206],
dieresis => [200,88,294,-49,880,108,206],
ring => [202,159,200,-26,784,200,210],
cedilla => [203,-9,211,131,60,216,918],
hungarumlaut => [205,16,391,-74,794,169,231],
ogonek => [206,31,182,120,50,208,936],
caron => [207,104,305,-76,786,169,239],
emdash => [208,-10,1020,-10,504,50,640],
AE => [225,-4,906,39,273,695,226],
ordfeminine => [227,60,261,12,680,295,219],
Lslash => [232,-16,539,33,273,695,226],
Oslash => [233,32,730,16,237,760,197],
OE => [234,56,933,39,258,724,212],
ordmasculine => [235,66,256,11,680,295,219],
ae => [241,1,622,15,265,493,436],
dotlessi => [245,34,207,37,267,491,436],
lslash => [248,-10,312,-24,267,742,185],
oslash => [249,-18,478,-16,252,534,408],
oe => [250,17,637,15,265,493,436],
germandbls => [251,-160,648,12,0,1009,185],
Idieresis => [-1,7,415,-89,273,850,71],
eacute => [-1,15,379,-5,265,718,211],
abreve => [-1,4,457,-17,265,708,221],
uhungarumlaut => [-1,32,567,-43,265,718,211],
ecaron => [-1,15,422,-48,265,710,219],
Ydieresis => [-1,52,623,-8,273,850,71],
divide => [-1,51,504,51,276,504,414],
Yacute => [-1,52,623,-8,273,900,21],
Acircumflex => [-1,-19,696,45,273,892,29],
aacute => [-1,4,410,30,265,718,211],
Ucircumflex => [-1,88,710,-20,258,907,29],
yacute => [-1,-8,500,8,0,983,211],
scommaaccent => [-1,9,336,44,0,758,436],
ecircumflex => [-1,15,383,-9,265,710,219],
Uring => [-1,88,710,-20,258,936,0],
Udieresis => [-1,88,710,-20,258,865,71],
aogonek => [-1,4,402,38,50,708,436],
Uacute => [-1,88,710,-20,258,915,21],
uogonek => [-1,32,480,44,64,694,436],
Edieresis => [-1,30,540,41,273,850,71],
Dcroat => [-1,19,722,37,273,695,226],
commaaccent => [-1,43,145,62,0,226,968],
copyright => [-1,11,725,11,258,724,212],
Emacron => [-1,30,540,41,273,802,119],
ccaron => [-1,25,421,-39,265,710,219],
aring => [-1,4,402,38,265,739,190],
Ncommaaccent => [-1,2,802,-26,0,968,226],
lacute => [-1,36,355,-113,267,926,1],
agrave => [-1,4,402,38,265,718,211],
Tcommaaccent => [-1,53,582,-24,0,968,226],
Cacute => [-1,45,606,16,258,915,21],
atilde => [-1,4,442,-2,265,669,260],
Edotaccent => [-1,30,540,41,273,850,71],
scaron => [-1,9,380,0,265,710,219],
scedilla => [-1,-4,349,44,60,698,436],
iacute => [-1,34,296,-52,267,716,211],
lozenge => [-1,21,430,20,276,710,208],
Rcaron => [-1,9,630,28,273,892,29],
Gcommaaccent => [-1,50,644,28,0,982,212],
ucircumflex => [-1,32,480,44,265,710,219],
acircumflex => [-1,4,402,38,265,710,219],
Amacron => [-1,-19,696,45,273,802,119],
rcaron => [-1,26,411,-48,267,708,219],
ccedilla => [-1,19,370,18,60,698,436],
Zdotaccent => [-1,20,617,30,273,850,71],
Thorn => [-1,9,561,41,273,695,226],
Omacron => [-1,53,695,30,258,817,119],
Racute => [-1,9,630,28,273,900,21],
Sacute => [-1,42,514,0,258,915,21],
dcaron => [-1,17,617,-54,265,744,185],
Umacron => [-1,88,710,-20,258,817,119],
uring => [-1,32,480,44,265,739,190],
threesuperior => [-1,28,276,-4,549,426,219],
Ograve => [-1,53,695,30,258,915,21],
Agrave => [-1,-19,696,45,273,900,21],
Abreve => [-1,-19,696,45,273,890,31],
multiply => [-1,83,440,83,312,438,444],
uacute => [-1,32,488,36,265,718,211],
Tcaron => [-1,53,582,-24,273,892,29],
partialdiff => [-1,34,416,26,255,732,207],
ydieresis => [-1,-8,498,10,0,933,261],
Nacute => [-1,2,802,-26,265,908,21],
icircumflex => [-1,29,294,-45,267,708,219],
Ecircumflex => [-1,30,540,41,273,892,29],
adieresis => [-1,4,434,6,265,668,261],
edieresis => [-1,15,395,-21,265,668,261],
cacute => [-1,25,378,4,265,718,211],
nacute => [-1,24,490,42,267,716,211],
umacron => [-1,32,480,44,265,620,309],
Ncaron => [-1,2,802,-26,265,900,29],
Iacute => [-1,7,399,-73,273,900,21],
plusminus => [-1,51,504,51,276,504,414],
brokenbar => [-1,275,56,275,101,850,243],
registered => [-1,11,725,11,258,724,212],
Gbreve => [-1,50,644,28,258,905,31],
Idotaccent => [-1,7,347,-21,273,850,71],
summation => [-1,15,571,14,266,716,212],
Egrave => [-1,30,540,41,273,900,21],
racute => [-1,26,360,3,267,716,211],
omacron => [-1,17,425,2,265,620,309],
Zacute => [-1,20,617,30,273,900,21],
Zcaron => [-1,20,617,30,273,892,29],
greaterequal => [-1,26,497,26,276,643,275],
Eth => [-1,19,722,37,273,695,226],
Ccedilla => [-1,45,606,16,60,922,212],
lcommaaccent => [-1,-43,294,27,0,1009,185],
tcaron => [-1,41,379,-67,267,761,166],
eogonek => [-1,15,359,15,50,708,436],
Uogonek => [-1,88,710,-20,50,918,226],
Aacute => [-1,-19,696,45,273,900,21],
Adieresis => [-1,-19,696,45,273,850,71],
egrave => [-1,15,359,15,265,718,211],
zacute => [-1,-1,417,28,265,718,211],
iogonek => [-1,16,248,14,64,924,206],
Oacute => [-1,53,695,30,258,915,21],
oacute => [-1,17,397,30,265,718,211],
amacron => [-1,4,438,2,265,620,309],
sacute => [-1,9,365,15,265,718,211],
idieresis => [-1,34,321,-77,267,666,261],
Ocircumflex => [-1,53,695,30,258,907,29],
Ugrave => [-1,88,710,-20,258,915,21],
Delta => [-1,66,602,-68,276,688,230],
thorn => [-1,-39,472,67,0,1009,185],
twosuperior => [-1,13,277,10,554,421,219],
Odieresis => [-1,53,695,30,258,865,71],
mu => [-1,15,497,44,50,708,436],
igrave => [-1,34,236,8,267,716,211],
ohungarumlaut => [-1,17,506,-79,265,718,211],
Eogonek => [-1,30,540,41,69,899,226],
dcroat => [-1,17,509,-26,265,744,185],
threequarters => [-1,35,680,35,274,701,219],
Scedilla => [-1,42,464,50,60,922,212],
lcaron => [-1,36,366,-54,267,742,185],
Kcommaaccent => [-1,13,670,-16,0,968,226],
Lacute => [-1,16,507,33,273,900,21],
trademark => [-1,52,899,49,561,404,229],
edotaccent => [-1,15,359,15,265,668,261],
Igrave => [-1,7,347,-21,273,900,21],
Imacron => [-1,7,419,-93,273,802,119],
Lcaron => [-1,16,525,15,273,715,206],
onehalf => [-1,31,690,29,274,701,219],
lessequal => [-1,26,497,26,276,642,276],
ocircumflex => [-1,17,394,33,265,710,219],
ntilde => [-1,24,490,42,267,667,260],
Uhungarumlaut => [-1,88,710,-20,258,915,21],
Eacute => [-1,30,540,41,273,900,21],
emacron => [-1,15,419,-45,265,620,309],
gbreve => [-1,-37,535,2,0,973,221],
onequarter => [-1,31,684,35,274,701,219],
Scaron => [-1,42,497,17,258,907,29],
Scommaaccent => [-1,42,464,50,0,982,212],
Ohungarumlaut => [-1,53,695,30,258,915,21],
degree => [-1,90,300,10,665,300,229],
ograve => [-1,17,394,33,265,718,211],
Ccaron => [-1,45,606,16,258,907,29],
ugrave => [-1,32,480,44,265,718,211],
radical => [-1,12,430,11,221,802,171],
Dcaron => [-1,28,713,37,273,892,29],
rcommaaccent => [-1,-28,412,5,0,758,436],
Ntilde => [-1,2,802,-26,265,859,70],
otilde => [-1,17,429,-2,265,669,260],
Rcommaaccent => [-1,9,630,28,0,968,226],
Lcommaaccent => [-1,16,507,33,0,968,226],
Atilde => [-1,-19,696,45,273,851,70],
Aogonek => [-1,-19,714,27,66,915,213],
Aring => [-1,-19,696,45,273,921,0],
Otilde => [-1,53,695,30,258,866,70],
zdotaccent => [-1,-1,417,28,265,668,261],
Ecaron => [-1,30,558,23,273,892,29],
Iogonek => [-1,7,347,-21,66,902,226],
kcommaaccent => [-1,8,441,-5,0,1009,185],
minus => [-1,51,504,51,500,56,638],
Icircumflex => [-1,7,383,-57,273,892,29],
ncaron => [-1,24,509,23,267,708,219],
tcommaaccent => [-1,-16,326,23,0,922,272],
logicalnot => [-1,51,504,51,394,260,540],
odieresis => [-1,17,421,6,265,668,261],
udieresis => [-1,32,480,44,265,668,261],
notequal => [-1,12,525,12,260,554,380],
gcommaaccent => [-1,-37,535,2,0,1037,157],
eth => [-1,17,461,-34,265,744,185],
zcaron => [-1,-1,448,-3,265,710,219],
ncommaaccent => [-1,24,490,42,0,758,436],
onesuperior => [-1,61,224,15,554,421,219],
imacron => [-1,34,290,-46,267,588,339],
Euro => [-1,42,573,-115,255,730,209],
Ccircumflex => [-1,45,606,16,258,979,-43],
ccircumflex => [-1,25,390,-8,265,762,167],
Cdotaccent => [-1,45,606,16,258,918,18],
cdotaccent => [-1,25,364,18,265,701,228],
Ebreve => [-1,30,540,41,273,954,-33],
ebreve => [-1,15,418,-44,265,752,177],
Gcircumflex => [-1,50,644,28,258,979,-43],
gcircumflex => [-1,-37,535,2,0,1027,167],
Gdotaccent => [-1,50,644,28,258,918,18],
gdotaccent => [-1,-37,535,2,0,966,228],
Hcircumflex => [-1,-3,803,-22,273,964,-43],
hcircumflex => [-1,10,479,11,267,1011,-84],
Hbar => [-1,-3,803,-22,273,695,226],
hbar => [-1,7,464,29,267,742,185],
Itilde => [-1,7,423,-97,273,898,23],
itilde => [-1,34,334,-90,267,694,233],
Ibreve => [-1,7,428,-102,273,954,-33],
ibreve => [-1,34,339,-95,267,750,177],
IJ => [-1,7,347,-21,273,695,226],
ij => [-1,34,230,14,267,721,206],
Jcircumflex => [-1,-35,430,-62,70,1167,-43],
jcircumflex => [-1,-70,420,-72,0,955,239],
kgreenlandic => [-1,0,449,-5,267,491,436],
Ldot => [-1,16,507,33,273,695,226],
ldot => [-1,36,310,74,267,742,185],
napostrophe => [-1,24,490,42,267,742,185],
Obreve => [-1,53,695,30,258,969,-33],
obreve => [-1,17,431,-4,265,752,177],
Scircumflex => [-1,42,475,39,258,979,-43],
scircumflex => [-1,9,385,-5,265,762,167],
Tbar => [-1,53,582,-24,273,695,226],
tbar => [-1,19,291,23,267,655,272],
Tcedilla => [-1,53,582,-24,0,968,226],
tcedilla => [-1,-16,326,23,0,922,272],
Utilde => [-1,88,710,-20,257,914,23],
utilde => [-1,32,480,44,265,696,233],
Ubreve => [-1,88,710,-20,257,970,-33],
ubreve => [-1,32,480,44,265,752,177],
Wcircumflex => [-1,71,909,-36,268,969,-43],
wcircumflex => [-1,21,678,23,265,762,167],
Ycircumflex => [-1,52,623,-8,273,964,-43],
ycircumflex => [-1,-8,498,10,0,1027,167],
longs => [-1,-162,575,-135,0,1009,185],
infinity => [-1,3,656,7,351,377,466],
'.notdef' => [-1,0,0,250,276,0,918]}});
