('Palatino-BoldItalic' => {
  name            => 'Palatino-BoldItalic',
  family          => 'Palatino',
  height          => 1197,
  weight          => fw::Bold,
  style           => fs::Bold|fs::Italic,
  pitch           => fp::Variable,
  vector          => 1,
  ascent          => 926,
  descent         => 271,
  maximalWidth    => 1197,
  width           => 1197,
  internalLeading => 197,
  externalLeading => 65,
  firstChar       => 32,
  lastChar        => 251,
  breakChar       => 32,
  defaultChar     => 32,
  xDeviceRes      => 72.27,
  yDeviceRes      => 72.27,
  size            => 1000,
  encoding        => 'Latin1',
  chardata        => {
space => [32,0,0,250,271,0,926],
exclam => [33,58,264,11,254,712,231],
quotedbl => [34,137,356,7,738,253,206],
numbersign => [35,4,492,4,271,673,253],
dollar => [36,20,457,23,163,845,189],
percent => [37,56,734,99,254,714,229],
ampersand => [38,74,737,22,254,712,231],
quoteright => [39,76,226,-24,702,289,206],
parenleft => [40,58,310,-35,142,852,203],
parenright => [41,-12,310,35,142,852,203],
asterisk => [42,84,355,5,603,363,231],
plus => [43,50,506,50,266,506,425],
comma => [44,-33,241,42,107,311,779],
hyphen => [45,37,325,27,469,102,626],
period => [46,48,139,63,254,152,791],
slash => [47,1,314,0,254,737,206],
zero => [48,42,448,10,254,700,243],
one => [49,41,393,66,268,681,248],
two => [50,1,453,46,268,686,243],
three => [51,8,442,50,254,700,243],
four => [52,3,484,13,268,686,243],
five => [53,14,467,19,254,692,251],
six => [54,39,449,12,254,700,243],
seven => [55,69,475,-44,268,677,252],
eight => [56,26,458,16,254,700,243],
nine => [57,27,464,9,254,700,243],
colon => [58,38,198,14,254,469,474],
semicolon => [59,-33,280,3,107,616,474],
less => [60,49,509,48,250,538,409],
equal => [61,51,504,51,377,284,536],
greater => [62,48,509,49,250,538,409],
question => [63,91,359,-6,254,712,231],
at => [64,82,662,89,259,693,245],
A => [65,-35,720,37,268,686,243],
B => [66,8,621,38,268,684,245],
C => [67,69,626,-10,254,712,231],
D => [68,0,747,31,268,685,244],
E => [69,11,595,5,268,684,245],
F => [70,-6,599,-37,268,684,245],
G => [71,72,678,28,254,712,231],
H => [72,-12,838,-48,268,684,245],
I => [73,-1,413,-23,268,684,245],
J => [74,-29,446,-28,64,888,245],
K => [75,-10,756,-24,268,684,245],
L => [76,26,552,33,268,684,245],
M => [77,-23,1008,-41,254,698,245],
N => [78,-2,831,-51,268,684,245],
O => [79,76,718,39,254,712,231],
P => [80,11,662,-6,268,684,245],
Q => [81,76,718,39,49,917,231],
R => [82,4,693,25,268,684,245],
S => [83,50,467,39,254,712,231],
T => [84,56,618,-63,268,684,245],
U => [85,83,742,-47,254,698,245],
V => [86,67,678,-78,268,684,245],
W => [87,67,1006,-73,268,692,237],
X => [88,-9,781,-50,268,684,245],
Y => [89,54,621,-64,268,698,231],
Z => [90,1,675,-9,268,684,245],
bracketleft => [91,45,336,-48,169,825,203],
backslash => [92,72,462,72,271,720,206],
bracketright => [93,-21,336,18,169,825,203],
asciicircum => [94,63,480,63,546,403,248],
underscore => [95,0,500,0,146,50,1001],
quoteleft => [96,65,226,-13,702,289,206],
a => [97,44,475,37,254,487,456],
b => [98,44,450,43,254,743,200],
c => [99,32,404,8,254,486,457],
d => [100,38,512,6,254,743,200],
e => [101,28,390,26,254,486,457],
f => [102,-130,579,-116,0,997,200],
g => [103,-50,579,-29,0,740,457],
h => [104,22,500,34,254,743,200],
i => [105,26,286,21,254,712,231],
j => [106,-64,387,10,0,966,231],
k => [107,34,494,28,254,743,200],
l => [108,64,254,15,254,743,200],
m => [109,19,784,30,254,486,457],
n => [110,17,504,35,254,486,457],
o => [111,48,454,54,254,486,457],
p => [112,-21,537,40,0,740,457],
q => [113,32,481,24,0,740,457],
r => [114,20,391,-22,254,486,457],
s => [115,25,381,38,254,486,457],
t => [116,42,367,-20,254,653,290],
u => [117,22,499,35,254,486,457],
v => [118,19,494,43,254,486,457],
w => [119,27,775,31,254,486,457],
x => [120,-8,508,0,254,486,457],
y => [121,13,528,15,0,740,457],
z => [122,31,439,30,254,486,457],
braceleft => [123,18,316,-1,166,825,206],
bar => [124,259,88,259,21,1000,176],
braceright => [125,-1,316,18,166,825,206],
asciitilde => [126,51,504,51,422,195,580],
exclamdown => [161,2,257,74,46,704,447],
cent => [162,52,404,44,166,652,379],
sterling => [163,21,480,-1,266,688,243],
fraction => [164,-170,508,-171,271,683,243],
yen => [165,11,527,-38,268,698,231],
florin => [166,8,471,21,29,932,236],
section => [167,47,450,59,120,846,231],
currency => [168,32,436,32,367,437,393],
quotesingle => [169,127,166,-43,738,253,206],
quotedblleft => [170,65,446,-11,702,289,206],
guillemotleft => [171,35,423,42,314,403,480],
guilsinglleft => [172,60,232,41,314,403,480],
guilsinglright => [173,35,232,66,311,403,483],
fi => [174,-130,718,23,0,997,200],
fl => [175,-130,761,-20,0,997,200],
endash => [177,-12,524,-12,485,68,644],
dagger => [178,67,432,57,268,688,241],
daggerdbl => [179,33,504,19,118,846,233],
periodcentered => [180,67,139,44,443,152,602],
paragraph => [182,14,615,-73,67,885,245],
bullet => [183,131,344,131,443,344,410],
quotesinglbase => [184,-3,223,30,127,289,781],
quotedblbase => [185,-18,442,76,127,289,781],
quotedblright => [186,73,446,-19,702,289,206],
guillemotright => [187,35,423,42,311,403,483],
ellipsis => [188,91,805,104,254,152,791],
perthousand => [189,65,847,88,254,708,235],
questiondown => [191,-12,359,97,45,705,447],
grave => [193,110,212,11,789,181,227],
acute => [194,153,239,-59,789,181,227],
circumflex => [195,88,327,-82,789,174,234],
tilde => [196,82,359,-108,808,119,270],
macron => [197,76,342,-85,809,70,318],
breve => [198,96,316,-79,789,162,246],
dotaccent => [199,202,123,8,835,131,231],
dieresis => [200,90,336,-93,835,131,231],
ring => [202,277,200,79,785,200,212],
cedilla => [203,12,236,85,53,223,921],
hungarumlaut => [205,-28,437,-76,789,181,227],
ogonek => [206,76,184,73,45,208,944],
caron => [207,113,332,-112,789,174,234],
emdash => [208,-12,1024,-12,485,68,644],
AE => [225,-29,956,17,268,684,245],
ordfeminine => [227,47,308,-22,662,293,242],
Lslash => [232,6,572,33,268,684,245],
Oslash => [233,57,740,36,217,784,196],
OE => [234,39,922,-17,254,712,231],
ordmasculine => [235,51,295,-13,662,292,243],
ae => [241,44,667,27,254,486,457],
dotlessi => [245,26,267,40,254,486,457],
lslash => [248,13,352,-32,254,743,200],
oslash => [249,14,508,34,221,556,420],
oe => [250,48,707,23,254,486,457],
germandbls => [251,-131,680,7,0,997,200],
Idieresis => [-1,-1,455,-65,268,883,46],
eacute => [-1,28,420,-4,254,736,207],
abreve => [-1,44,480,32,254,717,226],
uhungarumlaut => [-1,22,599,-65,254,736,207],
ecaron => [-1,28,473,-57,254,729,214],
Ydieresis => [-1,54,621,-64,268,883,46],
divide => [-1,50,506,50,266,506,425],
Yacute => [-1,54,621,-64,268,914,15],
Acircumflex => [-1,-35,720,37,268,907,22],
aacute => [-1,44,475,37,254,736,207],
Ucircumflex => [-1,83,742,-47,254,921,22],
yacute => [-1,13,528,15,0,990,207],
scommaaccent => [-1,25,381,38,0,740,457],
ecircumflex => [-1,28,443,-27,254,729,214],
Uring => [-1,83,742,-47,254,943,0],
Udieresis => [-1,83,742,-47,254,897,46],
aogonek => [-1,44,475,37,55,686,456],
Uacute => [-1,83,742,-47,254,928,15],
uogonek => [-1,22,499,35,61,679,457],
Edieresis => [-1,11,595,5,268,883,46],
Dcroat => [-1,0,747,31,268,685,244],
commaaccent => [-1,-52,154,148,0,221,976],
copyright => [-1,26,694,27,254,712,231],
Emacron => [-1,11,595,5,268,823,106],
ccaron => [-1,32,469,-57,254,729,214],
aring => [-1,44,475,37,254,751,192],
Ncommaaccent => [-1,-2,831,-51,0,952,245],
lacute => [-1,64,328,-59,254,913,30],
agrave => [-1,44,475,37,254,736,207],
Tcommaaccent => [-1,56,618,-63,0,952,245],
Cacute => [-1,69,626,-10,254,928,15],
atilde => [-1,44,509,3,254,693,250],
Edotaccent => [-1,11,595,5,268,883,46],
scaron => [-1,25,464,-45,254,729,214],
scedilla => [-1,25,381,38,53,687,457],
iacute => [-1,26,366,-59,254,736,207],
lozenge => [-1,7,458,6,271,732,194],
Rcaron => [-1,4,693,25,268,907,22],
Gcommaaccent => [-1,72,678,28,0,966,231],
ucircumflex => [-1,22,499,35,254,729,214],
acircumflex => [-1,44,483,29,254,729,214],
Amacron => [-1,-35,720,37,268,823,106],
rcaron => [-1,20,453,-84,254,729,214],
ccedilla => [-1,27,409,8,53,687,457],
Zdotaccent => [-1,1,675,-9,268,883,46],
Thorn => [-1,11,633,23,268,684,245],
Omacron => [-1,76,718,39,254,837,106],
Racute => [-1,4,693,25,268,914,15],
Sacute => [-1,50,467,39,254,928,15],
dcaron => [-1,38,682,-104,254,743,200],
Umacron => [-1,83,742,-47,254,837,106],
uring => [-1,22,499,35,254,751,192],
threesuperior => [-1,23,287,-10,534,420,243],
Ograve => [-1,76,718,39,254,928,15],
Agrave => [-1,-35,720,37,268,914,15],
Abreve => [-1,-35,720,37,268,895,34],
multiply => [-1,72,462,72,288,462,447],
uacute => [-1,22,499,35,254,736,207],
Tcaron => [-1,56,618,-63,268,907,22],
partialdiff => [-1,9,458,9,233,756,208],
ydieresis => [-1,13,528,15,0,939,258],
Nacute => [-1,-2,831,-51,268,914,15],
icircumflex => [-1,26,377,-70,254,729,214],
Ecircumflex => [-1,11,595,5,268,907,22],
adieresis => [-1,44,494,18,254,705,238],
edieresis => [-1,28,454,-38,254,685,258],
cacute => [-1,32,416,-4,254,736,207],
nacute => [-1,17,504,35,254,736,207],
umacron => [-1,22,508,26,254,645,298],
Ncaron => [-1,-2,831,-51,268,925,4],
Iacute => [-1,-1,421,-31,268,914,15],
plusminus => [-1,50,506,50,271,501,425],
brokenbar => [-1,259,88,259,96,850,251],
registered => [-1,26,694,27,254,712,231],
Gbreve => [-1,72,678,28,254,909,34],
Idotaccent => [-1,-1,413,-23,268,883,46],
summation => [-1,15,571,14,261,716,220],
Egrave => [-1,11,595,5,268,914,15],
racute => [-1,20,440,-71,254,736,207],
omacron => [-1,48,482,26,254,645,298],
Zacute => [-1,1,675,-9,268,914,15],
Zcaron => [-1,1,675,-9,268,907,22],
greaterequal => [-1,26,497,26,271,682,244],
Eth => [-1,0,747,31,268,685,244],
Ccedilla => [-1,69,626,-10,53,913,231],
lcommaaccent => [-1,10,308,15,0,997,200],
tcaron => [-1,42,465,-118,254,784,159],
eogonek => [-1,28,390,26,55,685,457],
Uogonek => [-1,83,742,-47,61,891,245],
Aacute => [-1,-35,720,37,268,914,15],
Adieresis => [-1,-35,720,37,268,883,46],
egrave => [-1,28,390,26,254,736,207],
zacute => [-1,31,445,24,254,736,207],
iogonek => [-1,26,286,21,57,909,231],
Oacute => [-1,76,718,39,254,928,15],
oacute => [-1,48,456,52,254,736,207],
amacron => [-1,44,486,26,254,645,298],
sacute => [-1,25,423,-4,254,736,207],
idieresis => [-1,26,400,-93,254,685,258],
Ocircumflex => [-1,76,718,39,254,921,22],
Ugrave => [-1,83,742,-47,254,928,15],
Delta => [-1,6,602,6,271,688,238],
thorn => [-1,-21,537,40,0,997,200],
twosuperior => [-1,26,295,-21,542,412,243],
Odieresis => [-1,76,718,39,254,897,46],
mu => [-1,-15,536,35,39,701,457],
igrave => [-1,26,296,11,254,736,207],
ohungarumlaut => [-1,48,583,-75,254,736,207],
Eogonek => [-1,11,595,5,64,888,245],
dcroat => [-1,38,566,-48,254,743,200],
threequarters => [-1,18,714,18,269,685,243],
Scedilla => [-1,50,467,39,53,913,231],
lcaron => [-1,64,424,-105,254,743,200],
Kcommaaccent => [-1,-10,756,-24,0,952,245],
Lacute => [-1,26,552,33,268,914,15],
trademark => [-1,38,923,39,545,404,248],
edotaccent => [-1,28,390,26,254,685,258],
Igrave => [-1,-1,413,-23,268,914,15],
Imacron => [-1,-1,447,-57,268,823,106],
Lcaron => [-1,26,597,-12,268,698,231],
onehalf => [-1,14,722,14,269,685,243],
lessequal => [-1,26,497,26,271,682,244],
ocircumflex => [-1,48,479,29,254,729,214],
ntilde => [-1,17,536,3,254,693,250],
Uhungarumlaut => [-1,83,742,-47,254,928,15],
Eacute => [-1,11,595,5,268,914,15],
emacron => [-1,28,446,-30,254,645,298],
gbreve => [-1,-50,579,-29,0,971,226],
onequarter => [-1,18,714,18,269,685,243],
Scaron => [-1,50,507,-1,254,921,22],
Scommaaccent => [-1,50,467,39,0,966,231],
Ohungarumlaut => [-1,76,718,39,254,928,15],
degree => [-1,50,300,50,654,300,243],
ograve => [-1,48,454,54,254,736,207],
Ccaron => [-1,69,626,-10,254,921,22],
ugrave => [-1,22,499,35,254,736,207],
radical => [-1,-9,472,-10,180,856,161],
Dcaron => [-1,0,747,31,268,907,22],
rcommaaccent => [-1,-22,433,-22,0,740,457],
Ntilde => [-1,-2,831,-51,268,871,58],
otilde => [-1,48,505,3,254,693,250],
Rcommaaccent => [-1,4,693,25,0,952,245],
Lcommaaccent => [-1,26,552,33,0,952,245],
Atilde => [-1,-35,720,37,268,871,58],
Aogonek => [-1,-35,731,26,61,893,243],
Aring => [-1,-35,720,37,268,929,0],
Otilde => [-1,76,718,39,254,885,58],
zdotaccent => [-1,31,439,30,254,685,258],
Ecaron => [-1,11,595,5,268,907,22],
Iogonek => [-1,-1,413,-23,61,891,245],
kcommaaccent => [-1,34,494,28,0,997,200],
minus => [-1,51,504,51,475,88,634],
Icircumflex => [-1,-1,444,-54,268,907,22],
ncaron => [-1,17,540,-1,254,729,214],
tcommaaccent => [-1,18,391,-20,0,907,290],
logicalnot => [-1,51,504,51,378,283,536],
odieresis => [-1,48,490,18,254,685,258],
udieresis => [-1,22,516,18,254,685,258],
notequal => [-1,12,525,12,231,594,372],
gcommaaccent => [-1,-50,579,-29,0,990,207],
eth => [-1,48,498,10,254,743,200],
zcaron => [-1,31,486,-17,254,729,214],
ncommaaccent => [-1,17,504,35,0,740,457],
onesuperior => [-1,41,257,2,542,409,246],
imacron => [-1,26,349,-42,254,625,318],
Euro => [-1,46,531,-77,254,712,231],
Ccircumflex => [-1,69,626,-10,254,972,-29],
ccircumflex => [-1,32,429,-17,254,760,183],
Cdotaccent => [-1,69,626,-10,254,929,14],
cdotaccent => [-1,32,404,8,254,717,226],
Ebreve => [-1,11,595,5,268,946,-17],
ebreve => [-1,28,449,-33,254,748,195],
Gcircumflex => [-1,72,678,28,254,972,-29],
gcircumflex => [-1,-50,579,-29,0,1014,183],
Gdotaccent => [-1,72,678,28,254,929,14],
gdotaccent => [-1,-50,579,-29,0,971,226],
Hcircumflex => [-1,-12,838,-48,268,958,-29],
hcircumflex => [-1,22,519,15,254,1017,-74],
Hbar => [-1,-12,838,-48,268,684,245],
hbar => [-1,17,505,34,254,743,200],
Itilde => [-1,-1,478,-88,268,903,26],
itilde => [-1,26,385,-78,254,705,238],
Ibreve => [-1,-1,475,-85,268,946,-17],
ibreve => [-1,26,382,-75,254,748,195],
IJ => [-1,-1,758,9,64,888,245],
ij => [-1,26,597,17,0,966,231],
Jcircumflex => [-1,-29,472,-54,64,1162,-29],
jcircumflex => [-1,-64,479,-82,0,955,242],
kgreenlandic => [-1,24,504,28,254,486,457],
Ldot => [-1,26,552,33,268,684,245],
ldot => [-1,64,397,41,254,743,200],
napostrophe => [-1,17,504,35,254,787,156],
Obreve => [-1,76,718,39,254,960,-17],
obreve => [-1,48,473,35,254,748,195],
Scircumflex => [-1,50,489,17,254,972,-29],
scircumflex => [-1,25,429,-10,254,760,183],
Tbar => [-1,56,618,-63,268,684,245],
tbar => [-1,17,392,-20,254,653,290],
Tcedilla => [-1,56,618,-63,0,952,245],
tcedilla => [-1,18,391,-20,0,907,290],
Utilde => [-1,83,742,-47,254,917,26],
utilde => [-1,22,499,35,254,705,238],
Ubreve => [-1,83,742,-47,254,960,-17],
ubreve => [-1,22,499,35,254,748,195],
Wcircumflex => [-1,67,1006,-73,268,958,-29],
wcircumflex => [-1,27,775,31,254,760,183],
Ycircumflex => [-1,54,621,-64,268,958,-29],
ycircumflex => [-1,13,528,15,0,1014,183],
longs => [-1,-130,579,-116,0,997,200],
infinity => [-1,7,630,11,311,392,494],
'.notdef' => [-1,0,0,250,271,0,926]}});
