('Symbol' => {
  name            => 'Symbol',
  family          => 'Symbol',
  height          => 1303,
  weight          => fw::Medium,
  style           => fs::Normal,
  pitch           => fp::Variable,
  vector          => 1,
  ascent          => 1010,
  descent         => 293,
  maximalWidth    => 1303,
  width           => 1303,
  internalLeading => 303,
  externalLeading => 101,
  firstChar       => 32,
  lastChar        => 254,
  breakChar       => 32,
  defaultChar     => 32,
  xDeviceRes      => 72.27,
  yDeviceRes      => 72.27,
  size            => 1000,
  encoding        => 'Specific',
  chardata        => {
space => [32,0,0,250,293,0,1010],
exclam => [33,128,112,93,276,689,338],
universal => [34,31,650,32,293,705,305],
numbersign => [35,20,461,19,277,689,337],
existential => [36,25,453,71,293,707,303],
percent => [37,63,708,62,257,691,355],
ampersand => [38,41,709,28,275,679,349],
suchthat => [39,48,366,25,276,517,510],
parenleft => [40,53,247,33,102,864,337],
parenright => [41,30,247,56,102,864,337],
asteriskmath => [42,65,362,73,427,417,459],
plus => [43,10,529,10,293,533,477],
comma => [44,56,138,56,141,256,906],
minus => [45,11,524,14,526,55,722],
period => [46,69,112,69,276,112,915],
slash => [47,0,254,24,275,664,364],
zero => [48,24,452,24,279,699,325],
one => [49,117,273,110,293,673,337],
two => [50,25,450,25,293,685,325],
three => [51,43,392,65,279,699,325],
four => [52,15,454,31,293,685,325],
five => [53,32,413,55,279,704,320],
six => [54,34,434,32,279,699,325],
seven => [55,24,424,52,277,689,337],
eight => [56,56,389,55,279,699,325],
nine => [57,30,429,41,275,703,325],
colon => [58,81,112,85,276,477,550],
semicolon => [59,83,138,57,141,612,550],
less => [60,26,497,26,293,522,488],
equal => [61,11,526,12,434,249,620],
greater => [62,26,497,26,293,522,488],
question => [63,70,342,32,276,703,324],
congruent => [64,11,526,12,293,475,535],
Alpha => [65,4,680,38,293,673,337],
Beta => [66,29,563,75,293,673,337],
Chi => [67,-9,713,18,293,673,337],
Delta => [68,6,602,4,293,688,322],
Epsilon => [69,32,585,-6,293,673,337],
Phi => [70,26,715,22,293,673,337],
Gamma => [71,24,585,-6,293,673,337],
Eta => [72,39,690,-7,293,673,337],
Iota => [73,32,284,17,293,673,337],
theta1 => [74,18,605,8,275,707,321],
Kappa => [75,35,687,0,293,673,337],
Lambda => [76,6,674,6,293,688,322],
Mu => [77,28,859,2,293,673,337],
Nu => [78,29,691,2,285,681,337],
Omicron => [79,41,674,7,276,702,325],
Pi => [80,25,720,23,293,673,337],
Theta => [81,41,674,26,276,702,325],
Rho => [82,28,535,-7,293,673,337],
Sigma => [83,5,584,3,293,673,337],
Tau => [84,33,574,4,293,673,337],
Upsilon => [85,-8,702,-4,293,673,337],
sigma1 => [86,40,396,3,60,733,510],
Omega => [87,34,702,32,293,688,322],
Xi => [88,40,559,46,293,673,337],
Psi => [89,15,766,14,293,684,326],
Zeta => [90,44,592,-25,293,673,337],
bracketleft => [91,86,213,34,138,829,336],
therefore => [92,163,538,162,293,487,523],
bracketright => [93,33,213,87,138,829,336],
perpendicular => [94,15,637,6,293,674,336],
underscore => [95,-2,504,-2,168,50,1085],
radicalex => [96,480,610,-590,1174,36,93],
alpha => [97,41,581,9,275,518,510],
beta => [98,61,454,34,70,964,269],
chi => [99,12,510,27,62,730,511],
delta => [100,40,441,13,274,759,270],
epsilon => [101,22,405,12,274,521,508],
phi => [102,28,464,29,69,897,337],
gamma => [103,5,479,-73,68,724,511],
eta => [104,0,527,76,91,716,496],
iota => [105,0,301,28,276,520,507],
phi1 => [106,36,551,16,69,723,511],
kappa => [107,33,525,-9,293,501,509],
lambda => [108,24,524,1,276,756,271],
mu => [109,33,534,9,70,723,510],
nu => [110,-9,484,46,277,523,503],
omicron => [111,35,466,48,274,518,511],
pi => [112,10,520,19,274,506,523],
theta => [113,43,442,36,276,707,320],
rho => [114,50,440,59,63,729,511],
sigma => [115,30,558,15,272,521,510],
tau => [116,10,408,21,274,519,510],
upsilon => [117,7,528,41,275,525,503],
omega1 => [118,12,659,42,275,601,427],
omega => [119,42,642,2,276,517,510],
xi => [120,27,442,24,69,990,244],
psi => [121,12,689,-15,65,728,510],
zeta => [122,60,407,27,68,981,254],
braceleft => [123,58,339,83,110,856,337],
bar => [124,65,70,65,0,1000,303],
braceright => [125,79,339,62,110,856,337],
similar => [126,17,512,20,496,104,703],
Euro => [160,20,694,36,281,697,325],
Upsilon1 => [161,-2,612,10,293,685,325],
minute => [162,27,201,19,752,276,275],
lessequal => [163,29,497,23,293,639,371],
fraction => [164,-180,520,-173,281,689,333],
infinity => [165,26,662,25,417,280,606],
florin => [166,2,492,6,100,879,324],
club => [167,86,574,93,267,559,477],
diamond => [168,142,458,153,257,586,460],
heart => [169,117,514,122,260,565,478],
spade => [170,113,516,124,257,584,462],
arrowboth => [171,24,1000,18,278,526,499],
arrowleft => [172,32,910,45,278,526,499],
arrowup => [173,45,526,32,293,910,100],
arrowright => [174,49,910,28,278,526,499],
arrowdown => [175,45,526,32,271,910,122],
degree => [176,50,300,50,678,300,325],
plusminus => [177,10,529,10,293,645,365],
second => [178,20,393,-2,752,278,273],
greaterequal => [179,29,497,23,293,639,371],
multiply => [180,17,516,16,301,516,486],
proportional => [181,27,612,74,416,281,606],
partialdiff => [182,26,436,32,273,766,264],
bullet => [183,50,360,50,406,360,537],
divide => [184,10,526,13,364,385,554],
notequal => [185,15,525,9,268,574,461],
equivalence => [186,14,524,11,375,361,567],
approxequal => [187,14,513,22,428,259,616],
ellipsis => [188,111,778,111,276,112,915],
arrowvertex => [189,280,56,267,173,1130,0],
arrowhorizex => [190,-60,1110,-50,513,56,734],
carriagereturn => [191,15,587,56,277,645,381],
aleph => [192,175,486,162,275,676,352],
Ifraktur => [193,10,568,108,240,793,270],
Rfraktur => [194,26,733,36,278,749,276],
weierstrass => [195,159,711,117,82,784,437],
circlemultiply => [196,43,690,35,276,690,337],
circleplus => [197,43,690,35,278,690,335],
emptyset => [198,39,742,42,269,743,291],
intersection => [199,40,692,36,293,509,501],
union => [200,40,692,36,276,509,518],
propersuperset => [201,20,653,40,293,470,540],
reflexsuperset => [202,20,653,40,168,595,540],
notsubset => [203,36,654,23,223,610,470],
propersubset => [204,37,653,23,293,470,540],
reflexsubset => [205,37,653,23,168,595,540],
element => [206,45,460,208,293,468,542],
notelement => [207,45,460,208,235,613,455],
angle => [208,26,712,30,293,673,337],
gradient => [209,36,645,32,274,737,292],
registerserif => [210,50,690,50,276,690,337],
copyrightserif => [211,51,690,49,278,690,335],
trademarkserif => [212,18,837,35,586,380,337],
product => [213,25,778,20,192,852,259],
radical => [214,10,505,34,255,955,93],
dotmath => [215,69,100,81,503,100,700],
logicalnot => [216,15,665,33,293,288,722],
logicaland => [217,23,560,20,293,454,556],
logicalor => [218,30,548,25,293,477,533],
arrowdblboth => [219,27,996,19,273,530,500],
arrowdblleft => [220,30,909,48,278,528,497],
arrowdblup => [221,39,528,36,295,909,99],
arrowdblright => [222,45,909,33,273,528,502],
arrowdbldown => [223,44,528,31,274,909,120],
lozenge => [224,18,448,28,293,745,265],
angleleft => [225,25,281,23,95,944,264],
registersans => [226,50,690,50,273,690,340],
copyrightsans => [227,49,690,51,278,690,335],
trademarksans => [228,5,720,61,586,380,337],
summation => [229,14,681,18,185,860,258],
parenlefttp => [230,24,412,-52,0,1219,84],
parenleftex => [231,24,84,276,208,1010,85],
parenleftbt => [232,24,412,-52,0,1219,84],
bracketlefttp => [233,0,349,35,213,1006,84],
bracketleftex => [234,0,77,307,214,1004,85],
bracketleftbt => [235,0,349,35,213,1006,84],
bracelefttp => [236,209,236,49,208,1010,85],
braceleftmid => [237,20,264,210,208,1020,75],
braceleftbt => [238,209,236,49,218,1010,75],
braceex => [239,209,75,210,208,1020,75],
angleright => [241,21,281,27,95,944,264],
integral => [242,2,289,-17,186,1023,94],
integraltp => [243,308,367,11,205,1008,90],
integralex => [244,308,70,308,205,1063,35],
integralbt => [245,11,367,308,206,1008,89],
parenrighttp => [246,54,412,-82,0,1219,84],
parenrightex => [247,382,84,-82,208,1010,85],
parenrightbt => [248,54,412,-82,0,1219,84],
bracketrighttp => [249,22,349,13,213,1006,84],
bracketrightex => [250,294,77,13,214,1004,85],
bracketrightbt => [251,22,349,13,213,1006,84],
bracerighttp => [252,48,236,210,208,1010,85],
bracerightmid => [253,209,264,21,208,1020,75],
bracerightbt => [254,48,236,210,218,1010,75],
apple => [-1,56,677,57,290,811,202],
'.notdef' => [-1,0,0,250,293,0,1010]}});
