('Times-Roman' => {
  name            => 'Times-Roman',
  family          => 'Times',
  height          => 1116,
  weight          => fw::Medium,
  style           => fs::Normal,
  pitch           => fp::Variable,
  vector          => 1,
  ascent          => 898,
  descent         => 218,
  maximalWidth    => 1116,
  width           => 1116,
  internalLeading => 116,
  externalLeading => 38,
  firstChar       => 32,
  lastChar        => 251,
  breakChar       => 32,
  defaultChar     => 32,
  xDeviceRes      => 72.27,
  yDeviceRes      => 72.27,
  size            => 1000,
  encoding        => 'Latin1',
  chardata        => {
space => [32,0,0,250,218,0,898],
exclam => [33,130,108,95,209,685,222],
quotedbl => [34,77,254,77,649,245,222],
numbersign => [35,5,491,4,218,662,236],
dollar => [36,44,413,43,131,814,171],
percent => [37,61,711,61,205,689,222],
ampersand => [38,42,708,28,205,689,222],
quoteright => [39,79,139,115,651,243,222],
parenleft => [40,48,256,29,41,853,222],
parenright => [41,29,256,48,41,853,222],
asterisk => [42,69,363,68,483,411,222],
plus => [43,30,504,30,218,506,392],
comma => [44,56,139,55,77,243,796],
hyphen => [45,39,246,48,412,63,641],
period => [46,70,111,69,207,111,798],
slash => [47,-9,296,-9,204,690,222],
zero => [48,24,452,24,204,690,222],
one => [49,111,283,106,218,676,222],
two => [50,30,445,25,218,676,222],
three => [51,43,388,69,204,690,222],
four => [52,12,460,28,218,676,222],
five => [53,32,406,62,204,702,210],
six => [54,34,434,32,204,698,214],
seven => [55,20,429,51,210,670,236],
eight => [56,56,389,55,204,690,222],
nine => [57,30,429,41,196,698,222],
colon => [58,81,111,86,207,470,439],
semicolon => [59,80,139,59,77,600,439],
less => [60,28,508,28,210,522,384],
equal => [61,30,504,30,338,266,512],
greater => [62,28,508,28,210,522,384],
question => [63,68,346,30,210,684,222],
at => [64,116,693,112,204,690,222],
A => [65,15,691,16,218,674,224],
B => [66,17,576,74,218,662,236],
C => [67,28,605,34,204,690,222],
D => [68,16,669,37,218,662,236],
E => [69,12,585,14,218,662,236],
F => [70,12,534,10,218,662,236],
G => [71,32,677,13,204,690,222],
H => [72,19,683,20,218,662,236],
I => [73,18,297,18,218,662,236],
J => [74,10,360,19,204,676,236],
K => [75,34,689,-1,218,662,236],
L => [76,12,586,13,218,662,236],
M => [77,12,851,26,218,662,236],
N => [78,12,695,15,207,673,236],
O => [79,34,654,34,204,690,222],
P => [80,16,526,14,218,662,236],
Q => [81,34,667,21,40,854,222],
R => [82,17,642,8,218,662,236],
S => [83,42,449,65,204,690,222],
T => [84,17,576,18,218,662,236],
U => [85,14,691,17,204,676,236],
V => [86,16,681,25,207,673,236],
W => [87,5,927,12,207,673,236],
X => [88,10,694,18,218,662,236],
Y => [89,22,681,19,218,662,236],
Z => [90,9,588,14,218,662,236],
bracketleft => [91,88,211,34,62,818,236],
backslash => [92,-9,296,-9,204,690,222],
bracketright => [93,34,211,88,62,818,236],
asciicircum => [94,24,422,23,515,365,236],
underscore => [95,0,500,0,93,50,973],
quoteleft => [96,115,139,79,651,243,222],
a => [97,37,405,2,208,470,438],
b => [98,3,465,32,208,693,215],
c => [99,25,387,32,208,470,438],
d => [100,27,464,9,208,693,215],
e => [101,25,399,20,208,470,438],
f => [102,20,363,-50,218,683,215],
g => [103,28,442,30,0,678,438],
h => [104,9,478,13,218,683,215],
i => [105,16,237,25,218,683,215],
j => [106,-70,264,84,0,901,215],
k => [107,7,498,-5,218,683,215],
l => [108,19,238,21,218,683,215],
m => [109,16,759,3,218,460,438],
n => [110,16,469,15,218,460,438],
o => [111,29,441,30,208,470,438],
p => [112,5,465,30,1,677,438],
q => [113,24,464,12,1,677,438],
r => [114,5,330,-2,218,460,438],
s => [115,51,297,41,208,470,438],
t => [116,13,266,-1,208,589,319],
u => [117,9,470,21,208,460,448],
v => [118,19,458,23,204,464,448],
w => [119,21,673,28,204,464,448],
x => [120,17,462,21,218,450,448],
y => [121,14,461,25,0,668,448],
z => [122,27,391,26,218,450,448],
braceleft => [123,100,250,130,37,861,218],
bar => [124,67,66,67,0,1000,116],
braceright => [125,130,250,100,37,861,218],
asciitilde => [126,40,462,39,401,140,575],
exclamdown => [161,97,108,128,0,685,431],
cent => [162,53,395,52,80,717,319],
sterling => [163,12,478,10,210,684,222],
fraction => [164,-168,499,-164,204,690,222],
yen => [165,-53,565,-12,218,662,236],
florin => [166,7,483,10,29,865,222],
section => [167,70,356,74,70,824,222],
currency => [168,-22,544,-22,276,544,296],
quotesingle => [169,48,85,47,649,245,222],
quotedblleft => [170,43,371,30,651,243,222],
guillemotleft => [171,42,414,44,251,383,482],
guilsinglleft => [172,63,222,48,251,383,482],
guilsinglright => [173,48,222,63,251,383,482],
fi => [174,31,490,35,218,683,215],
fl => [175,32,489,35,218,683,215],
endash => [177,0,500,0,419,49,648],
dagger => [178,59,383,58,69,825,222],
daggerdbl => [179,58,384,58,65,829,222],
periodcentered => [180,70,111,69,417,111,588],
paragraph => [182,-22,472,3,64,816,236],
bullet => [183,40,270,40,414,270,432],
quotesinglbase => [184,79,139,115,77,243,796],
quotedblbase => [185,45,371,28,77,243,796],
quotedblright => [186,30,371,43,651,243,222],
guillemotright => [187,44,414,42,251,383,482],
ellipsis => [188,111,777,112,207,111,798],
perthousand => [189,7,987,6,199,725,192],
questiondown => [191,30,346,68,0,684,432],
grave => [193,19,223,91,725,171,220],
acute => [194,93,224,16,725,171,220],
circumflex => [195,11,311,11,725,167,224],
tilde => [196,1,330,2,750,106,260],
macron => [197,11,311,11,765,54,297],
breve => [198,26,281,26,725,157,234],
dotaccent => [199,118,98,117,799,100,217],
dieresis => [200,18,297,18,799,100,217],
ring => [202,67,199,67,730,199,187],
cedilla => [203,52,209,72,3,215,898],
hungarumlaut => [205,-3,380,-44,725,171,220],
ogonek => [206,62,181,90,53,165,898],
caron => [207,11,311,11,725,167,224],
emdash => [208,0,1000,0,419,49,648],
AE => [225,0,863,26,218,662,236],
ordfeminine => [227,4,266,6,612,282,222],
Lslash => [232,12,586,13,218,662,236],
Oslash => [233,34,654,34,138,814,164],
OE => [234,30,855,4,212,674,230],
ordmasculine => [235,6,298,6,612,282,222],
ae => [241,38,594,35,208,470,438],
dotlessi => [245,16,237,25,218,460,438],
lslash => [248,19,240,19,218,683,215],
oslash => [249,29,441,30,106,663,347],
oe => [250,30,660,32,208,470,438],
germandbls => [251,12,456,32,209,692,215],
Idieresis => [-1,18,297,18,218,835,63],
eacute => [-1,25,399,20,208,688,220],
abreve => [-1,37,405,2,208,674,234],
uhungarumlaut => [-1,9,492,-1,208,688,220],
ecaron => [-1,25,399,20,208,684,224],
Ydieresis => [-1,22,681,19,218,835,63],
divide => [-1,30,504,30,208,526,382],
Yacute => [-1,22,681,19,218,890,8],
Acircumflex => [-1,15,691,16,218,886,12],
aacute => [-1,37,405,2,208,688,220],
Ucircumflex => [-1,14,691,17,204,900,12],
yacute => [-1,14,461,25,0,896,220],
scommaaccent => [-1,51,297,41,0,678,438],
ecircumflex => [-1,25,399,20,208,684,224],
Uring => [-1,14,691,17,204,912,0],
Udieresis => [-1,14,691,17,204,849,63],
aogonek => [-1,37,432,-25,53,625,438],
Uacute => [-1,14,691,17,204,904,8],
uogonek => [-1,9,478,13,63,605,448],
Edieresis => [-1,12,585,14,218,835,63],
Dcroat => [-1,16,669,37,218,662,236],
commaaccent => [-1,59,125,66,0,168,948],
copyright => [-1,38,684,38,204,690,222],
Emacron => [-1,12,585,14,218,813,85],
ccaron => [-1,25,387,32,208,684,224],
aring => [-1,37,405,2,208,721,187],
Ncommaaccent => [-1,12,695,15,20,860,236],
lacute => [-1,19,271,-12,218,890,8],
agrave => [-1,37,405,2,208,688,220],
Tcommaaccent => [-1,17,576,18,0,880,236],
Cacute => [-1,28,605,34,204,904,8],
atilde => [-1,37,405,2,208,648,260],
Edotaccent => [-1,12,585,14,218,835,63],
scaron => [-1,39,311,39,208,684,224],
scedilla => [-1,51,297,41,3,675,438],
iacute => [-1,16,274,-12,218,678,220],
lozenge => [-1,13,446,12,218,724,174],
Rcaron => [-1,17,642,8,218,886,12],
Gcommaaccent => [-1,32,677,13,0,894,222],
ucircumflex => [-1,9,470,21,208,684,224],
acircumflex => [-1,37,405,2,208,684,224],
Amacron => [-1,15,691,16,218,813,85],
rcaron => [-1,5,330,-2,218,674,224],
ccedilla => [-1,25,387,32,3,675,438],
Zdotaccent => [-1,9,588,14,218,835,63],
Thorn => [-1,16,526,14,218,662,236],
Omacron => [-1,34,654,34,204,827,85],
Racute => [-1,17,642,8,218,890,8],
Sacute => [-1,42,449,65,204,904,8],
dcaron => [-1,27,562,-1,208,705,203],
Umacron => [-1,14,691,17,204,827,85],
uring => [-1,9,470,21,208,721,187],
threesuperior => [-1,15,276,9,480,414,222],
Ograve => [-1,34,654,34,204,904,8],
Agrave => [-1,15,691,16,218,890,8],
Abreve => [-1,15,691,16,218,876,22],
multiply => [-1,38,489,37,226,489,401],
uacute => [-1,9,470,21,208,688,220],
Tcaron => [-1,17,576,18,218,886,12],
partialdiff => [-1,17,442,17,180,748,188],
ydieresis => [-1,14,461,25,0,841,275],
Nacute => [-1,12,695,15,207,901,8],
icircumflex => [-1,-16,311,-17,218,674,224],
Ecircumflex => [-1,12,585,14,218,886,12],
adieresis => [-1,37,405,2,208,633,275],
edieresis => [-1,25,399,20,208,633,275],
cacute => [-1,25,388,31,208,688,220],
nacute => [-1,16,469,15,218,678,220],
umacron => [-1,9,470,21,208,611,297],
Ncaron => [-1,12,695,15,207,897,12],
Iacute => [-1,18,299,16,218,890,8],
plusminus => [-1,30,504,30,218,506,392],
brokenbar => [-1,67,66,67,75,850,191],
registered => [-1,38,684,38,204,690,222],
Gbreve => [-1,32,677,13,204,890,22],
Idotaccent => [-1,18,297,18,218,835,63],
summation => [-1,15,570,15,208,716,192],
Egrave => [-1,12,585,14,218,890,8],
racute => [-1,5,330,-2,218,678,220],
omacron => [-1,29,441,30,208,611,297],
Zacute => [-1,9,588,14,218,890,8],
Zcaron => [-1,9,588,14,218,886,12],
greaterequal => [-1,26,497,26,218,666,232],
Eth => [-1,16,669,37,218,662,236],
Ccedilla => [-1,28,605,34,3,891,222],
lcommaaccent => [-1,19,238,21,0,901,215],
tcaron => [-1,13,305,8,208,732,176],
eogonek => [-1,25,399,20,53,625,438],
Uogonek => [-1,14,691,17,53,827,236],
Aacute => [-1,15,691,16,218,890,8],
Adieresis => [-1,15,691,16,218,835,63],
egrave => [-1,25,399,20,208,688,220],
zacute => [-1,27,391,26,218,678,220],
iogonek => [-1,16,249,13,53,848,215],
Oacute => [-1,34,654,34,204,904,8],
oacute => [-1,29,441,30,208,688,220],
amacron => [-1,37,405,2,208,611,297],
sacute => [-1,51,297,41,208,688,220],
idieresis => [-1,-9,297,-10,218,623,275],
Ocircumflex => [-1,34,654,34,204,900,12],
Ugrave => [-1,14,691,17,204,904,8],
Delta => [-1,6,602,4,218,688,210],
thorn => [-1,5,465,30,1,900,215],
twosuperior => [-1,1,295,4,488,406,222],
Odieresis => [-1,34,654,34,204,849,63],
mu => [-1,36,476,-12,0,668,448],
igrave => [-1,-8,261,25,218,678,220],
ohungarumlaut => [-1,29,462,9,208,688,220],
Eogonek => [-1,12,585,14,53,827,236],
dcroat => [-1,27,473,0,208,693,215],
threequarters => [-1,15,703,32,204,690,222],
Scedilla => [-1,42,449,65,3,891,222],
lcaron => [-1,19,328,-3,218,695,203],
Kcommaaccent => [-1,34,689,-1,20,860,236],
Lacute => [-1,12,586,13,218,890,8],
trademark => [-1,30,927,23,474,406,236],
edotaccent => [-1,25,399,20,208,633,275],
Igrave => [-1,18,297,18,218,890,8],
Imacron => [-1,11,311,11,218,813,85],
Lcaron => [-1,12,586,13,218,676,222],
onehalf => [-1,31,715,4,204,690,222],
lessequal => [-1,26,497,26,218,666,232],
ocircumflex => [-1,29,441,30,208,684,224],
ntilde => [-1,16,469,15,218,638,260],
Uhungarumlaut => [-1,14,691,17,204,904,8],
Eacute => [-1,12,585,14,218,890,8],
emacron => [-1,25,399,20,208,611,297],
gbreve => [-1,28,442,30,0,882,234],
onequarter => [-1,37,681,32,204,690,222],
Scaron => [-1,42,449,65,204,900,12],
Scommaaccent => [-1,42,449,65,0,894,222],
Ohungarumlaut => [-1,34,654,34,204,904,8],
degree => [-1,57,286,57,608,286,222],
ograve => [-1,29,441,30,208,688,220],
Ccaron => [-1,28,605,34,204,900,12],
ugrave => [-1,9,470,21,208,688,220],
radical => [-1,2,450,1,158,828,130],
Dcaron => [-1,16,669,37,218,886,12],
rcommaaccent => [-1,5,330,-2,0,678,438],
Ntilde => [-1,12,695,15,207,861,48],
otilde => [-1,29,441,30,208,648,260],
Rcommaaccent => [-1,17,642,8,20,860,236],
Lcommaaccent => [-1,12,586,13,0,880,236],
Atilde => [-1,15,691,16,218,850,48],
Aogonek => [-1,15,723,-16,53,839,224],
Aring => [-1,15,691,16,218,898,0],
Otilde => [-1,34,654,34,204,864,48],
zdotaccent => [-1,27,391,26,218,623,275],
Ecaron => [-1,12,585,14,218,886,12],
Iogonek => [-1,18,297,18,53,827,236],
kcommaaccent => [-1,7,498,-5,0,901,215],
minus => [-1,30,504,30,438,66,612],
Icircumflex => [-1,11,311,11,218,886,12],
ncaron => [-1,16,469,15,218,674,224],
tcommaaccent => [-1,13,266,-1,0,797,319],
logicalnot => [-1,30,504,30,326,278,512],
odieresis => [-1,29,441,30,208,633,275],
udieresis => [-1,9,470,21,208,633,275],
notequal => [-1,12,525,12,187,578,351],
gcommaaccent => [-1,28,442,30,0,967,149],
eth => [-1,29,442,29,208,696,212],
zcaron => [-1,27,391,26,218,674,224],
ncommaaccent => [-1,16,469,15,0,678,438],
onesuperior => [-1,57,191,52,488,406,222],
imacron => [-1,6,265,7,218,601,297],
Euro => [-1,0,0,500,218,0,898],
Ccircumflex => [-1,28,605,34,204,893,19],
ccircumflex => [-1,25,387,32,208,677,231],
Cdotaccent => [-1,28,605,34,204,825,87],
cdotaccent => [-1,25,387,32,208,609,299],
Ebreve => [-1,12,585,14,218,869,29],
ebreve => [-1,25,399,20,208,667,241],
Gcircumflex => [-1,32,677,13,204,893,19],
gcircumflex => [-1,28,442,30,0,885,231],
Gdotaccent => [-1,32,677,13,204,825,87],
gdotaccent => [-1,28,442,30,0,817,299],
Hcircumflex => [-1,12,683,27,218,879,19],
hcircumflex => [-1,8,479,13,218,890,8],
Hbar => [-1,10,701,11,218,662,236],
hbar => [-1,9,526,13,218,683,215],
Itilde => [-1,-4,330,7,218,818,80],
itilde => [-1,-30,330,-22,218,606,292],
Ibreve => [-1,12,297,24,218,869,29],
ibreve => [-1,-6,281,3,218,657,241],
IJ => [-1,12,661,21,204,676,236],
ij => [-1,16,364,16,4,901,211],
Jcircumflex => [-1,10,360,19,204,893,19],
jcircumflex => [-1,-70,365,-17,0,941,175],
kgreenlandic => [-1,7,483,10,218,460,438],
Ldot => [-1,12,586,13,218,662,236],
ldot => [-1,19,346,51,218,683,215],
napostrophe => [-1,23,559,16,218,599,299],
Eng => [-1,12,695,15,0,880,236],
eng => [-1,16,408,76,0,678,438],
Obreve => [-1,34,654,34,204,883,29],
obreve => [-1,29,441,30,208,667,241],
Scircumflex => [-1,42,449,65,204,893,19],
scircumflex => [-1,44,311,34,208,677,231],
Tbar => [-1,17,576,18,218,662,236],
tbar => [-1,3,276,-1,208,589,319],
Tcedilla => [-1,17,576,18,3,877,236],
tcedilla => [-1,13,266,-1,3,794,319],
Utilde => [-1,14,691,17,204,832,80],
utilde => [-1,9,470,21,208,616,292],
Ubreve => [-1,14,691,17,204,883,29],
ubreve => [-1,9,470,21,208,667,241],
Wcircumflex => [-1,5,927,12,207,890,19],
wcircumflex => [-1,21,673,28,204,681,231],
Ycircumflex => [-1,22,681,19,218,879,19],
ycircumflex => [-1,14,461,25,0,885,231],
longs => [-1,20,363,-50,218,683,215],
infinity => [-1,25,628,24,271,381,464],
'.notdef' => [-1,0,0,250,218,0,898]}});
