('Times-Italic' => {
  name            => 'Times-Italic',
  family          => 'Times',
  height          => 1100,
  weight          => fw::Medium,
  style           => fs::Italic,
  pitch           => fp::Variable,
  vector          => 1,
  ascent          => 883,
  descent         => 217,
  maximalWidth    => 1100,
  width           => 1100,
  internalLeading => 100,
  externalLeading => 33,
  firstChar       => 32,
  lastChar        => 251,
  breakChar       => 32,
  defaultChar     => 32,
  xDeviceRes      => 72.27,
  yDeviceRes      => 72.27,
  size            => 1000,
  encoding        => 'Latin1',
  chardata        => {
space => [32,0,0,250,217,0,883],
exclam => [33,39,263,31,206,678,216],
quotedbl => [34,144,288,-12,638,245,217],
numbersign => [35,2,538,-40,217,676,207],
dollar => [36,31,466,3,128,820,152],
percent => [37,79,711,43,204,689,207],
ampersand => [38,76,647,55,199,684,217],
quoteright => [39,151,139,43,653,230,217],
parenleft => [40,42,273,18,36,850,214],
parenright => [41,16,273,44,37,849,214],
asterisk => [42,128,364,8,472,411,217],
plus => [43,86,504,85,217,506,377],
comma => [44,-4,139,115,88,230,782],
hyphen => [45,49,233,51,409,63,628],
period => [46,27,111,112,206,111,783],
slash => [47,-65,451,-108,199,684,217],
zero => [48,32,465,3,210,683,207],
one => [49,49,360,91,217,676,207],
two => [50,12,440,48,217,676,207],
three => [51,15,450,35,210,683,207],
four => [52,1,478,21,217,676,207],
five => [53,15,476,9,210,673,217],
six => [54,30,491,-21,210,693,197],
seven => [55,75,462,-37,209,674,217],
eight => [56,30,463,7,210,683,207],
nine => [57,23,469,8,200,693,207],
colon => [58,50,211,72,206,452,442],
semicolon => [59,27,234,72,88,570,442],
less => [60,84,508,83,209,522,369],
equal => [61,86,504,85,337,266,497],
greater => [62,84,508,83,209,522,369],
question => [63,132,340,28,205,676,219],
at => [64,118,688,114,199,684,217],
A => [65,-51,615,47,217,668,215],
B => [66,-8,596,23,217,653,230],
C => [67,66,623,-22,199,684,217],
D => [68,-8,708,22,217,653,230],
E => [69,-1,635,-23,217,653,230],
F => [70,8,637,-34,217,653,230],
G => [71,52,670,0,199,684,217],
H => [72,-8,775,-45,217,653,230],
I => [73,-8,392,-51,217,653,230],
J => [74,-6,497,-47,199,671,230],
K => [75,7,715,-55,217,653,230],
L => [76,-8,567,-3,217,653,230],
M => [77,-18,891,-40,217,653,230],
N => [78,-20,747,-60,202,668,230],
O => [79,60,639,23,199,684,217],
P => [80,0,605,6,217,653,230],
Q => [81,59,640,23,35,848,217],
R => [82,-13,601,23,217,653,230],
S => [83,17,491,-8,199,685,216],
T => [84,59,574,-77,217,653,230],
U => [85,102,663,-43,199,671,230],
V => [86,76,612,-77,199,671,230],
W => [87,71,835,-73,199,671,230],
X => [88,-29,684,-44,217,653,230],
Y => [89,78,555,-77,217,653,230],
Z => [90,-6,612,-50,217,653,230],
bracketleft => [91,21,370,-2,64,816,220],
backslash => [92,-41,360,-41,199,684,217],
bracketright => [93,12,370,7,64,816,220],
asciicircum => [94,0,422,0,518,365,217],
underscore => [95,0,500,0,92,50,958],
quoteleft => [96,171,139,23,653,230,217],
a => [97,17,459,24,206,452,442],
b => [98,23,450,27,206,694,200],
c => [99,30,395,19,206,452,442],
d => [100,15,512,-27,204,696,200],
e => [101,31,381,32,206,452,442],
f => [102,-147,571,-146,10,885,205],
g => [103,8,464,28,11,647,442],
h => [104,19,459,22,208,692,200],
i => [105,49,215,14,206,665,229],
j => [106,-124,400,2,10,861,229],
k => [107,14,447,-17,206,694,200],
l => [108,41,238,-1,206,694,200],
m => [109,12,692,18,208,450,442],
n => [110,14,460,26,208,450,442],
o => [111,27,441,32,206,452,442],
p => [112,-75,544,31,12,646,442],
q => [113,25,458,17,8,650,442],
r => [114,45,367,-23,217,441,442],
s => [115,16,350,23,204,455,441],
t => [116,37,259,-18,206,557,337],
u => [117,42,433,25,206,452,442],
v => [118,21,405,18,199,459,442],
w => [119,16,632,19,199,459,442],
x => [120,-27,474,-3,206,452,442],
y => [121,-24,450,18,11,647,442],
z => [122,-2,382,9,136,509,455],
braceleft => [123,51,356,-7,40,864,196],
bar => [124,105,66,104,0,1000,100],
braceright => [125,-7,356,51,40,864,196],
asciitilde => [126,40,462,39,400,140,560],
exclamdown => [161,59,263,67,12,678,410],
cent => [162,77,395,28,74,703,323],
sterling => [163,10,507,-17,211,676,213],
fraction => [164,-169,506,-170,207,686,207],
yen => [165,27,576,-103,217,653,230],
florin => [166,25,482,-7,35,864,201],
section => [167,53,408,39,55,828,217],
currency => [168,-22,544,-22,270,544,286],
quotesingle => [169,132,109,-27,638,245,217],
quotedblleft => [170,166,348,42,653,230,217],
guillemotleft => [171,53,392,55,254,366,480],
guilsinglleft => [172,51,230,52,254,366,480],
guilsinglright => [173,52,230,51,254,366,480],
fi => [174,-141,622,19,10,888,202],
fl => [175,-141,659,-18,13,886,201],
endash => [177,-6,511,-5,414,46,640],
dagger => [178,101,387,12,58,825,217],
daggerdbl => [179,22,469,9,74,809,217],
periodcentered => [180,70,111,69,416,111,573],
paragraph => [182,55,561,-93,94,776,230],
bullet => [183,40,270,40,408,270,422],
quotesinglbase => [184,44,139,150,88,230,782],
quotedblbase => [185,57,348,151,88,230,782],
quotedblright => [186,151,348,57,653,230,217],
guillemotright => [187,55,392,53,254,366,480],
ellipsis => [188,57,705,127,206,111,783],
perthousand => [189,25,985,-10,198,725,177],
questiondown => [191,28,340,132,12,676,412],
grave => [193,121,190,22,709,172,219],
acute => [194,180,223,-70,711,170,219],
circumflex => [195,91,294,-52,709,169,222],
tilde => [196,100,327,-94,734,107,259],
macron => [197,99,312,-78,749,51,300],
breve => [198,117,301,-85,709,158,233],
dotaccent => [199,207,98,28,765,98,237],
dieresis => [200,107,298,-72,765,98,237],
ring => [202,155,200,-22,709,199,192],
cedilla => [203,-30,212,151,0,217,883],
hungarumlaut => [205,93,393,-153,711,170,219],
ogonek => [206,20,183,130,48,209,843],
caron => [207,121,305,-93,709,169,222],
emdash => [208,-6,900,-5,414,46,640],
AE => [225,-27,938,-22,217,653,230],
ordfeminine => [227,42,310,-76,623,270,207],
Lslash => [232,-8,567,-3,217,653,230],
Oslash => [233,60,639,23,112,827,161],
OE => [234,49,915,-20,209,674,217],
ordmasculine => [235,67,295,-52,623,270,207],
ae => [241,23,617,27,206,452,442],
dotlessi => [245,49,186,43,206,452,442],
lslash => [248,41,271,-34,206,694,200],
oslash => [249,28,441,31,82,689,329],
oe => [250,20,626,21,205,453,442],
germandbls => [251,-168,661,7,10,886,204],
Idieresis => [-1,-8,443,-102,217,818,65],
eacute => [-1,31,428,-15,206,675,219],
abreve => [-1,17,485,-2,206,661,233],
uhungarumlaut => [-1,42,538,-80,206,675,219],
ecaron => [-1,31,451,-38,206,672,222],
Ydieresis => [-1,78,555,-77,217,818,65],
divide => [-1,86,504,85,206,528,366],
Yacute => [-1,78,555,-77,217,876,7],
Acircumflex => [-1,-51,615,47,217,873,10],
aacute => [-1,17,470,13,206,675,219],
Ucircumflex => [-1,102,663,-43,199,891,10],
yacute => [-1,-24,483,-15,11,870,219],
scommaaccent => [-1,16,350,23,0,659,441],
ecircumflex => [-1,31,410,3,206,672,222],
Uring => [-1,102,663,-43,199,901,0],
Udieresis => [-1,102,663,-43,199,836,65],
aogonek => [-1,17,459,24,48,610,442],
Uacute => [-1,102,663,-43,199,894,7],
uogonek => [-1,42,435,23,48,610,442],
Edieresis => [-1,-1,635,-23,217,818,65],
Dcroat => [-1,-8,708,22,217,653,230],
commaaccent => [-1,8,125,117,0,167,933],
copyright => [-1,41,678,41,199,684,217],
Emacron => [-1,-1,635,-23,217,795,88],
ccaron => [-1,30,452,-38,206,672,222],
aring => [-1,17,459,24,206,702,192],
Ncommaaccent => [-1,-20,747,-60,30,840,230],
lacute => [-1,41,354,-117,206,887,7],
agrave => [-1,17,459,24,206,675,219],
Tcommaaccent => [-1,59,574,-77,0,870,230],
Cacute => [-1,66,624,-23,199,894,7],
atilde => [-1,17,494,-11,206,635,259],
Edotaccent => [-1,-1,635,-23,217,818,65],
scaron => [-1,16,438,-65,204,674,222],
scedilla => [-1,16,350,23,0,659,441],
iacute => [-1,49,306,-77,206,675,219],
lozenge => [-1,13,446,12,217,724,159],
Rcaron => [-1,-13,601,23,217,873,10],
Gcommaaccent => [-1,52,670,0,0,883,217],
ucircumflex => [-1,42,433,25,206,672,222],
acircumflex => [-1,17,459,24,206,672,222],
Amacron => [-1,-51,615,47,217,795,88],
rcaron => [-1,45,389,-45,217,661,222],
ccedilla => [-1,30,395,19,0,658,442],
Zdotaccent => [-1,-6,612,-50,217,818,65],
Thorn => [-1,0,569,42,217,653,230],
Omacron => [-1,60,639,23,199,813,88],
Racute => [-1,-13,601,23,217,876,7],
Sacute => [-1,17,491,-8,199,894,7],
dcaron => [-1,15,643,-114,204,696,200],
Umacron => [-1,102,663,-43,199,813,88],
uring => [-1,42,433,25,206,702,192],
threesuperior => [-1,43,296,-39,485,408,207],
Ograve => [-1,60,639,23,199,894,7],
Agrave => [-1,-51,615,47,217,876,7],
Abreve => [-1,-51,615,47,217,862,21],
multiply => [-1,93,489,93,225,489,386],
uacute => [-1,42,435,23,206,675,219],
Tcaron => [-1,59,574,-77,217,873,10],
partialdiff => [-1,17,442,17,179,748,173],
ydieresis => [-1,-24,465,3,11,812,277],
Nacute => [-1,-20,747,-60,202,891,7],
icircumflex => [-1,33,294,-49,206,672,222],
Ecircumflex => [-1,-1,635,-23,217,873,10],
adieresis => [-1,17,472,11,206,617,277],
edieresis => [-1,31,420,-7,206,617,277],
cacute => [-1,30,429,-15,206,675,219],
nacute => [-1,14,463,23,208,673,219],
umacron => [-1,42,443,15,206,594,300],
Ncaron => [-1,-20,747,-60,202,888,10],
Iacute => [-1,-8,441,-100,217,876,7],
plusminus => [-1,86,504,85,217,506,377],
brokenbar => [-1,105,66,104,75,850,175],
registered => [-1,41,678,41,199,684,217],
Gbreve => [-1,52,670,0,199,880,21],
Idotaccent => [-1,-8,392,-51,217,818,65],
summation => [-1,15,570,15,207,716,177],
Egrave => [-1,-1,635,-23,217,876,7],
racute => [-1,45,386,-42,217,664,219],
omacron => [-1,27,468,5,206,594,300],
Zacute => [-1,-6,612,-50,217,876,7],
Zcaron => [-1,-6,612,-50,217,873,10],
greaterequal => [-1,26,497,26,217,658,225],
Eth => [-1,-8,708,22,217,653,230],
Ccedilla => [-1,66,623,-22,0,883,217],
lcommaaccent => [-1,22,257,-1,0,900,200],
tcaron => [-1,37,370,-107,206,692,202],
eogonek => [-1,31,381,32,48,610,442],
Uogonek => [-1,102,663,-43,33,837,230],
Aacute => [-1,-51,615,47,217,876,7],
Adieresis => [-1,-51,615,47,217,818,65],
egrave => [-1,31,381,32,206,675,219],
zacute => [-1,-2,433,-42,136,745,219],
iogonek => [-1,49,215,14,48,823,229],
Oacute => [-1,60,639,23,199,894,7],
oacute => [-1,27,460,13,206,675,219],
amacron => [-1,17,478,5,206,594,300],
sacute => [-1,16,415,-42,204,677,219],
idieresis => [-1,49,303,-74,206,617,277],
Ocircumflex => [-1,60,639,23,199,891,10],
Ugrave => [-1,102,663,-43,199,894,7],
Delta => [-1,6,602,4,217,688,195],
thorn => [-1,-75,544,31,12,888,200],
twosuperior => [-1,33,291,-24,488,405,207],
Odieresis => [-1,60,639,23,199,836,65],
mu => [-1,-30,527,3,8,637,455],
igrave => [-1,49,235,-6,206,675,219],
ohungarumlaut => [-1,27,563,-90,206,675,219],
Eogonek => [-1,-1,635,-23,48,822,230],
dcroat => [-1,15,557,-72,204,696,200],
threequarters => [-1,23,713,14,207,686,207],
Scedilla => [-1,17,491,-8,0,884,216],
lcaron => [-1,41,366,-107,206,694,200],
Kcommaaccent => [-1,7,715,-55,0,870,230],
Lacute => [-1,-8,567,-3,217,876,7],
trademark => [-1,30,927,23,464,406,230],
edotaccent => [-1,31,381,32,206,617,277],
Igrave => [-1,-8,392,-51,217,876,7],
Imacron => [-1,-8,449,-108,217,795,88],
Lcaron => [-1,-8,594,25,217,653,230],
onehalf => [-1,34,715,1,207,686,207],
lessequal => [-1,26,497,26,217,658,225],
ocircumflex => [-1,27,441,32,206,672,222],
ntilde => [-1,14,462,24,208,633,259],
Uhungarumlaut => [-1,102,663,-43,199,894,7],
Eacute => [-1,-1,635,-23,217,876,7],
emacron => [-1,31,426,-13,206,594,300],
gbreve => [-1,8,479,13,11,856,233],
onequarter => [-1,33,703,14,207,686,207],
Scaron => [-1,17,503,-20,199,891,10],
Scommaaccent => [-1,17,491,-8,0,884,216],
Ohungarumlaut => [-1,60,639,23,199,894,7],
degree => [-1,101,286,13,607,286,207],
ograve => [-1,27,441,32,206,675,219],
Ccaron => [-1,66,623,-22,199,891,10],
ugrave => [-1,42,433,25,206,675,219],
radical => [-1,2,450,1,157,828,115],
Dcaron => [-1,-8,708,22,217,873,10],
rcommaaccent => [-1,-3,415,-23,0,658,442],
Ntilde => [-1,-20,747,-60,202,851,47],
otilde => [-1,27,469,4,206,635,259],
Rcommaaccent => [-1,-13,601,23,30,840,230],
Lcommaaccent => [-1,-8,567,-3,0,870,230],
Atilde => [-1,-51,617,45,217,836,47],
Aogonek => [-1,-51,617,45,48,837,215],
Aring => [-1,-51,615,47,217,883,0],
Otilde => [-1,60,639,23,199,854,47],
zdotaccent => [-1,-2,382,9,136,687,277],
Ecaron => [-1,-1,635,-23,217,873,10],
Iogonek => [-1,-8,392,-51,48,822,230],
kcommaaccent => [-1,14,447,-17,30,870,200],
minus => [-1,86,504,85,437,66,597],
Icircumflex => [-1,-8,433,-92,217,873,10],
ncaron => [-1,14,496,-10,208,670,222],
tcommaaccent => [-1,2,294,-18,0,763,337],
logicalnot => [-1,86,504,85,325,278,497],
odieresis => [-1,27,462,11,206,617,277],
udieresis => [-1,42,437,21,206,617,277],
notequal => [-1,12,525,12,188,570,342],
gcommaaccent => [-1,8,464,28,11,912,177],
eth => [-1,27,455,18,206,694,200],
zcaron => [-1,-2,436,-45,136,742,222],
ncommaaccent => [-1,14,460,26,30,628,442],
onesuperior => [-1,43,241,16,488,405,207],
imacron => [-1,46,265,-33,206,594,300],
Euro => [-1,0,0,500,217,0,883],
Ccircumflex => [-1,66,623,-22,199,890,11],
ccircumflex => [-1,30,419,-5,206,671,223],
Cdotaccent => [-1,66,623,-22,199,819,82],
cdotaccent => [-1,30,395,19,206,600,294],
Ebreve => [-1,-8,635,-16,217,861,22],
ebreve => [-1,31,469,-56,206,660,234],
Gcircumflex => [-1,52,670,0,199,890,11],
gcircumflex => [-1,8,487,5,11,866,223],
Gdotaccent => [-1,52,670,0,199,819,82],
gdotaccent => [-1,8,464,28,11,795,294],
Hcircumflex => [-1,-8,775,-45,217,872,11],
hcircumflex => [-1,19,459,22,208,911,-19],
Hbar => [-1,-8,775,-45,217,653,230],
hbar => [-1,19,459,22,208,692,200],
Itilde => [-1,-8,478,-137,217,810,73],
itilde => [-1,49,344,-115,206,609,285],
Ibreve => [-1,-8,493,-152,217,861,22],
ibreve => [-1,49,360,-131,206,660,234],
IJ => [-1,-8,762,-47,199,671,230],
ij => [-1,49,413,12,10,861,229],
Jcircumflex => [-1,-6,497,-47,199,890,11],
jcircumflex => [-1,-124,481,-79,10,921,169],
kgreenlandic => [-1,14,489,-12,217,460,423],
Ldot => [-1,-8,567,-3,217,653,230],
ldot => [-1,40,419,69,206,694,200],
napostrophe => [-1,14,460,26,208,675,217],
Obreve => [-1,60,640,22,199,879,22],
obreve => [-1,27,492,-19,206,660,234],
Scircumflex => [-1,17,512,-29,199,890,11],
scircumflex => [-1,16,401,-28,204,673,223],
Tbar => [-1,59,574,-77,217,653,230],
tbar => [-1,13,283,-18,206,557,337],
Tcedilla => [-1,59,574,-77,0,870,230],
tcedilla => [-1,2,294,-18,0,763,337],
Utilde => [-1,102,663,-43,199,828,73],
utilde => [-1,42,467,-9,206,609,285],
Ubreve => [-1,102,663,-43,199,879,22],
ubreve => [-1,42,483,-25,206,660,234],
Wcircumflex => [-1,71,835,-73,199,890,11],
wcircumflex => [-1,16,632,19,199,678,223],
Ycircumflex => [-1,78,555,-77,217,872,11],
ycircumflex => [-1,-24,450,18,11,866,223],
longs => [-1,-147,571,-146,10,885,205],
infinity => [-1,17,646,14,270,381,449],
'.notdef' => [-1,0,0,250,217,0,883]}});
