('Times-Bold' => {
  name            => 'Times-Bold',
  family          => 'Times',
  height          => 1153,
  weight          => fw::Bold,
  style           => fs::Bold,
  pitch           => fp::Variable,
  vector          => 1,
  ascent          => 935,
  descent         => 218,
  maximalWidth    => 1153,
  width           => 1153,
  internalLeading => 153,
  externalLeading => 51,
  firstChar       => 32,
  lastChar        => 251,
  breakChar       => 32,
  defaultChar     => 32,
  xDeviceRes      => 72.27,
  yDeviceRes      => 72.27,
  size            => 1000,
  encoding        => 'Latin1',
  chardata        => {
space => [32,0,0,250,218,0,935],
exclam => [33,81,170,82,205,704,244],
quotedbl => [34,83,389,83,622,287,244],
numbersign => [35,4,492,4,218,700,235],
dollar => [36,29,443,28,119,849,185],
percent => [37,124,753,123,204,706,243],
ampersand => [38,62,725,46,202,707,244],
quoteright => [39,79,184,70,574,335,244],
parenleft => [40,46,260,27,50,862,241],
parenright => [41,27,260,46,50,862,241],
asterisk => [42,56,391,53,473,436,244],
plus => [43,33,504,33,218,506,429],
comma => [44,39,184,27,38,335,780],
hyphen => [45,44,243,46,389,116,648],
period => [46,41,169,40,205,169,779],
slash => [47,-24,326,-24,199,710,244],
zero => [48,24,452,24,205,701,247],
one => [49,65,377,58,218,688,247],
two => [50,17,461,22,218,688,247],
three => [51,16,452,32,204,702,247],
four => [52,19,456,25,218,688,247],
five => [53,22,448,30,210,684,259],
six => [54,28,447,25,205,701,247],
seven => [55,17,460,23,218,676,259],
eight => [56,28,444,28,205,701,247],
nine => [57,26,447,27,205,701,247],
colon => [58,82,169,82,205,485,463],
semicolon => [59,82,184,67,38,652,463],
less => [60,31,508,31,210,522,421],
equal => [61,33,504,33,325,292,536],
greater => [62,31,508,31,210,522,421],
question => [63,57,388,55,205,702,246],
at => [64,108,714,108,199,710,244],
A => [65,9,680,33,218,690,245],
B => [66,16,603,48,218,676,259],
C => [67,49,638,35,199,710,244],
D => [68,14,676,32,218,676,259],
E => [69,16,625,26,218,676,259],
F => [70,16,567,28,218,676,259],
G => [71,37,718,23,199,710,244],
H => [72,21,738,19,218,676,259],
I => [73,20,350,19,218,676,259],
J => [74,3,476,21,122,772,259],
K => [75,30,739,9,218,676,259],
L => [76,19,619,29,218,676,259],
M => [77,14,907,23,218,676,259],
N => [78,16,685,21,200,694,259],
O => [79,35,708,35,199,710,244],
P => [80,16,584,11,218,676,259],
Q => [81,35,708,35,42,867,244],
R => [82,26,689,7,218,676,259],
S => [83,35,478,43,199,711,243],
T => [84,31,605,31,218,676,259],
U => [85,16,685,21,199,695,259],
V => [86,16,685,21,200,694,259],
W => [87,19,962,19,203,691,259],
X => [88,16,683,23,218,676,259],
Y => [89,15,684,23,218,676,259],
Z => [90,28,606,33,218,676,259],
bracketleft => [91,67,234,32,69,827,257],
backslash => [92,-25,328,-25,199,710,244],
bracketright => [93,32,234,67,69,827,257],
asciicircum => [94,73,436,72,529,365,259],
underscore => [95,0,500,0,93,50,1010],
quoteleft => [96,70,184,79,574,335,244],
a => [97,25,463,12,204,487,462],
b => [98,17,504,35,204,690,259],
c => [99,25,405,14,204,487,462],
d => [100,25,509,22,204,690,259],
e => [101,25,401,18,204,487,462],
f => [102,14,375,-56,218,691,244],
g => [103,28,455,17,12,679,462],
h => [104,16,518,22,218,676,259],
i => [105,16,239,23,218,691,244],
j => [106,-57,320,70,15,894,244],
k => [107,22,521,13,218,676,259],
l => [108,16,239,23,218,676,259],
m => [109,16,798,19,218,473,462],
n => [110,21,518,17,218,473,462],
o => [111,25,451,24,204,487,462],
p => [112,19,505,32,13,678,462],
q => [113,34,502,20,13,678,462],
r => [114,29,405,10,218,473,462],
s => [115,25,336,28,204,487,462],
t => [116,20,312,1,206,642,305],
u => [117,16,521,19,204,475,474],
v => [118,21,464,15,204,475,474],
w => [119,23,684,15,204,475,474],
x => [120,12,472,16,218,461,474],
y => [121,16,464,20,13,666,474],
z => [122,21,399,24,218,461,474],
braceleft => [123,22,318,54,43,873,237],
bar => [124,66,88,66,0,1000,153],
braceright => [125,54,318,22,43,873,237],
asciitilde => [126,29,462,29,391,160,602],
exclamdown => [161,82,170,81,15,704,434],
cent => [162,53,405,42,78,728,347],
sterling => [163,21,456,23,204,698,251],
fraction => [164,-168,497,-162,206,700,247],
yen => [165,-64,611,-47,218,676,259],
florin => [166,0,498,2,63,861,229],
section => [167,57,386,57,86,823,244],
currency => [168,-26,552,-26,279,552,322],
quotesingle => [169,75,129,74,622,287,244],
quotedblleft => [170,32,454,14,574,335,244],
guillemotleft => [171,23,450,27,254,379,520],
guilsinglleft => [172,51,254,28,254,379,520],
guilsinglright => [173,28,254,51,254,379,520],
fi => [174,14,522,20,218,691,244],
fl => [175,14,522,20,218,691,244],
endash => [177,0,500,0,399,90,664],
dagger => [178,47,406,47,84,825,244],
daggerdbl => [179,45,411,44,86,823,244],
periodcentered => [180,41,169,40,466,169,518],
paragraph => [182,0,519,21,32,862,259],
bullet => [183,35,280,35,416,280,457],
quotesinglbase => [184,79,184,70,38,335,780],
quotedblbase => [185,14,454,32,38,335,780],
quotedblright => [186,14,454,32,574,335,244],
guillemotright => [187,27,450,23,254,379,520],
ellipsis => [188,82,835,83,205,169,779],
perthousand => [189,7,988,5,189,735,229],
questiondown => [191,55,388,57,17,702,434],
grave => [193,8,238,87,746,185,222],
acute => [194,86,238,9,746,185,222],
circumflex => [195,-2,337,-2,746,176,231],
tilde => [196,-16,365,-16,765,127,261],
macron => [197,1,330,2,783,72,298],
breve => [198,15,303,15,746,163,244],
dotaccent => [199,103,155,75,754,155,244],
dieresis => [200,-2,337,-2,755,130,268],
ring => [202,60,213,60,745,213,195],
cedilla => [203,68,226,39,0,218,935],
hungarumlaut => [205,-13,438,-92,746,185,222],
ogonek => [206,90,229,14,25,217,911],
caron => [207,-2,337,-2,746,176,231],
emdash => [208,0,1000,0,399,90,664],
AE => [225,4,947,49,218,676,259],
ordfeminine => [227,-1,302,-1,615,291,247],
Lslash => [232,19,619,29,218,676,259],
Oslash => [233,35,708,35,144,811,198],
OE => [234,22,959,19,213,689,251],
ordmasculine => [235,18,294,18,615,291,247],
ae => [241,33,660,29,204,487,462],
dotlessi => [245,16,239,23,218,461,474],
lslash => [248,-22,325,-25,218,676,259],
oslash => [249,25,451,24,126,641,386],
oe => [250,22,674,26,204,487,462],
germandbls => [251,19,498,39,206,703,244],
Idieresis => [-1,20,350,19,218,877,58],
eacute => [-1,25,401,18,204,727,222],
abreve => [-1,25,463,12,204,705,244],
uhungarumlaut => [-1,16,541,-1,204,727,222],
ecaron => [-1,25,401,18,204,718,231],
Ydieresis => [-1,15,684,23,218,877,58],
divide => [-1,33,504,33,187,568,398],
Yacute => [-1,15,684,23,218,923,12],
Acircumflex => [-1,9,680,33,218,914,21],
aacute => [-1,25,463,12,204,727,222],
Ucircumflex => [-1,16,685,21,199,933,21],
yacute => [-1,16,464,20,13,918,222],
scommaaccent => [-1,25,336,28,0,691,462],
ecircumflex => [-1,25,401,18,204,718,231],
Uring => [-1,16,685,21,199,954,0],
Udieresis => [-1,16,685,21,199,896,58],
aogonek => [-1,25,479,-4,25,666,462],
Uacute => [-1,16,685,21,199,942,12],
uogonek => [-1,16,523,17,25,654,474],
Edieresis => [-1,16,625,26,218,877,58],
Dcroat => [-1,6,684,32,218,676,259],
commaaccent => [-1,47,156,47,0,168,985],
copyright => [-1,26,695,26,199,710,244],
Emacron => [-1,16,625,26,218,847,88],
ccaron => [-1,25,405,14,204,718,231],
aring => [-1,25,463,12,204,754,195],
Ncommaaccent => [-1,16,685,21,30,864,259],
lacute => [-1,16,281,-19,218,923,12],
agrave => [-1,25,463,12,204,727,222],
Tcommaaccent => [-1,31,605,31,0,894,259],
Cacute => [-1,49,638,35,199,942,12],
atilde => [-1,25,463,12,204,688,261],
Edotaccent => [-1,16,625,26,218,901,34],
scaron => [-1,25,338,26,204,718,231],
scedilla => [-1,25,336,28,0,691,462],
iacute => [-1,16,273,-11,218,713,222],
lozenge => [-1,10,474,10,218,745,190],
Rcaron => [-1,26,689,7,218,914,21],
Gcommaaccent => [-1,37,718,23,0,909,244],
ucircumflex => [-1,16,521,19,204,718,231],
acircumflex => [-1,25,463,12,204,718,231],
Amacron => [-1,9,680,33,218,847,88],
rcaron => [-1,29,405,10,218,704,231],
ccedilla => [-1,25,405,14,0,691,462],
Zdotaccent => [-1,28,606,33,218,901,34],
Thorn => [-1,16,584,11,218,676,259],
Omacron => [-1,35,708,35,199,866,88],
Racute => [-1,26,689,7,218,923,12],
Sacute => [-1,35,478,43,199,942,12],
dcaron => [-1,25,656,-9,204,696,253],
Umacron => [-1,16,685,21,199,866,88],
uring => [-1,16,521,19,204,754,195],
threesuperior => [-1,3,294,3,486,420,247],
Ograve => [-1,35,708,35,199,942,12],
Agrave => [-1,9,680,33,218,923,12],
Abreve => [-1,9,680,33,218,901,34],
multiply => [-1,48,474,48,234,474,445],
uacute => [-1,16,521,19,204,727,222],
Tcaron => [-1,31,605,31,218,914,21],
partialdiff => [-1,11,483,0,197,771,185],
ydieresis => [-1,16,464,20,13,872,268],
Nacute => [-1,16,685,21,200,941,12],
icircumflex => [-1,-37,337,-22,218,704,231],
Ecircumflex => [-1,16,625,26,218,914,21],
adieresis => [-1,25,463,12,204,681,268],
edieresis => [-1,25,401,18,204,681,268],
cacute => [-1,25,405,14,204,727,222],
nacute => [-1,21,518,17,218,713,222],
umacron => [-1,16,521,19,204,651,298],
Ncaron => [-1,16,685,21,200,932,21],
Iacute => [-1,20,350,19,218,923,12],
plusminus => [-1,33,504,33,218,506,429],
brokenbar => [-1,66,88,66,75,850,228],
registered => [-1,26,695,26,199,710,244],
Gbreve => [-1,37,718,23,199,920,34],
Idotaccent => [-1,20,350,19,218,901,34],
summation => [-1,14,571,15,208,716,229],
Egrave => [-1,16,625,26,218,923,12],
racute => [-1,29,405,10,218,713,222],
omacron => [-1,25,451,24,204,651,298],
Zacute => [-1,28,606,33,218,923,12],
Zcaron => [-1,28,606,33,218,914,21],
greaterequal => [-1,26,497,26,218,704,231],
Eth => [-1,6,684,32,218,676,259],
Ccedilla => [-1,49,638,35,0,909,244],
lcommaaccent => [-1,16,239,23,0,894,259],
tcaron => [-1,20,405,-9,206,827,120],
eogonek => [-1,25,401,18,25,666,462],
Uogonek => [-1,16,685,21,25,869,259],
Aacute => [-1,9,680,33,218,923,12],
Adieresis => [-1,9,680,33,218,877,58],
egrave => [-1,25,401,18,204,727,222],
zacute => [-1,21,399,24,218,713,222],
iogonek => [-1,16,258,4,25,884,244],
Oacute => [-1,35,708,35,199,942,12],
oacute => [-1,25,451,24,204,727,222],
amacron => [-1,25,463,12,204,651,298],
sacute => [-1,25,336,28,204,727,222],
idieresis => [-1,-37,337,-22,218,667,268],
Ocircumflex => [-1,35,708,35,199,933,21],
Ugrave => [-1,16,685,21,199,942,12],
Delta => [-1,6,602,4,218,688,247],
thorn => [-1,19,505,32,13,881,259],
twosuperior => [-1,0,300,0,493,413,247],
Odieresis => [-1,35,708,35,199,896,58],
mu => [-1,33,503,20,12,667,474],
igrave => [-1,-27,282,23,218,713,222],
ohungarumlaut => [-1,25,504,-29,204,727,222],
Eogonek => [-1,16,628,23,25,869,259],
dcroat => [-1,25,509,22,204,690,259],
threequarters => [-1,23,710,17,206,700,247],
Scedilla => [-1,35,478,43,0,910,243],
lcaron => [-1,16,396,-18,218,682,253],
Kcommaaccent => [-1,30,739,9,0,894,259],
Lacute => [-1,19,619,29,218,923,12],
trademark => [-1,24,953,23,489,405,259],
edotaccent => [-1,25,401,18,204,705,244],
Igrave => [-1,20,350,19,218,923,12],
Imacron => [-1,20,350,19,218,847,88],
Lcaron => [-1,19,633,15,218,682,253],
onehalf => [-1,-7,782,-25,206,700,247],
lessequal => [-1,29,497,23,218,704,231],
ocircumflex => [-1,25,451,24,204,718,231],
ntilde => [-1,21,518,17,218,674,261],
Uhungarumlaut => [-1,16,685,21,199,942,12],
Eacute => [-1,16,625,26,218,923,12],
emacron => [-1,25,401,18,204,651,298],
gbreve => [-1,28,455,17,12,897,244],
onequarter => [-1,28,715,7,206,700,247],
Scaron => [-1,35,478,43,199,933,21],
Scommaaccent => [-1,35,478,43,0,910,243],
Ohungarumlaut => [-1,35,708,35,199,942,12],
degree => [-1,57,286,57,620,286,247],
ograve => [-1,25,451,24,204,727,222],
Ccaron => [-1,49,638,35,199,933,21],
ugrave => [-1,16,521,19,204,727,222],
radical => [-1,10,502,37,172,896,85],
Dcaron => [-1,14,676,32,218,914,21],
rcommaaccent => [-1,29,405,10,0,691,462],
Ntilde => [-1,16,685,21,200,902,51],
otilde => [-1,25,451,24,204,688,261],
Rcommaaccent => [-1,26,689,7,0,894,259],
Lcommaaccent => [-1,19,619,29,0,894,259],
Atilde => [-1,9,680,33,218,884,51],
Aogonek => [-1,9,690,23,25,883,245],
Aring => [-1,9,680,33,218,935,0],
Otilde => [-1,35,708,35,199,903,51],
zdotaccent => [-1,21,399,24,218,691,244],
Ecaron => [-1,16,625,26,218,914,21],
Iogonek => [-1,20,350,19,25,869,259],
kcommaaccent => [-1,22,521,13,0,894,259],
minus => [-1,33,504,33,427,88,638],
Icircumflex => [-1,20,350,19,218,914,21],
ncaron => [-1,21,518,17,218,704,231],
tcommaaccent => [-1,20,312,1,0,848,305],
logicalnot => [-1,33,504,33,326,291,536],
odieresis => [-1,25,451,24,204,681,268],
udieresis => [-1,16,521,19,204,681,268],
notequal => [-1,15,525,9,169,619,365],
gcommaaccent => [-1,28,455,17,12,1035,106],
eth => [-1,25,451,24,204,705,244],
zcaron => [-1,21,399,24,218,704,231],
ncommaaccent => [-1,21,518,17,0,691,462],
onesuperior => [-1,28,245,27,493,413,247],
imacron => [-1,-8,280,6,218,637,298],
Euro => [-1,0,0,500,218,0,935],
Ccircumflex => [-1,49,638,35,199,921,33],
ccircumflex => [-1,25,405,14,204,701,248],
Cdotaccent => [-1,49,638,35,199,874,80],
cdotaccent => [-1,25,405,14,204,654,295],
Ebreve => [-1,16,625,26,218,889,46],
ebreve => [-1,25,401,18,204,688,261],
Gcircumflex => [-1,37,718,23,199,921,33],
gcircumflex => [-1,28,455,17,12,893,248],
Gdotaccent => [-1,37,718,23,199,874,80],
gdotaccent => [-1,28,455,17,12,846,295],
Hcircumflex => [-1,16,738,24,218,902,33],
hcircumflex => [-1,2,532,22,218,902,33],
Hbar => [-1,21,738,19,218,676,259],
hbar => [-1,13,521,22,218,676,259],
Itilde => [-1,8,365,16,218,853,82],
itilde => [-1,-47,365,-40,218,638,297],
Ibreve => [-1,16,350,23,218,889,46],
ibreve => [-1,-16,303,-9,218,674,261],
IJ => [-1,16,853,13,122,772,259],
ij => [-1,16,447,23,15,894,244],
Jcircumflex => [-1,3,476,21,122,998,33],
jcircumflex => [-1,-56,391,-2,15,971,167],
kgreenlandic => [-1,22,492,20,218,470,465],
Ldot => [-1,16,619,32,218,676,259],
ldot => [-1,16,472,40,218,676,259],
napostrophe => [-1,21,666,17,218,582,353],
Eng => [-1,16,685,21,-10,904,259],
eng => [-1,21,469,66,15,676,462],
Obreve => [-1,35,708,35,199,908,46],
obreve => [-1,25,451,24,204,688,261],
Scircumflex => [-1,35,478,43,199,921,33],
scircumflex => [-1,24,337,28,204,701,248],
Tbar => [-1,32,605,30,218,676,259],
tbar => [-1,13,319,1,206,642,305],
Tcedilla => [-1,31,605,31,0,894,259],
tcedilla => [-1,20,312,1,0,848,305],
Utilde => [-1,16,685,21,199,872,82],
utilde => [-1,16,521,19,204,652,297],
Ubreve => [-1,16,685,21,199,908,46],
ubreve => [-1,16,521,19,204,688,261],
Wcircumflex => [-1,19,962,19,203,917,33],
wcircumflex => [-1,23,684,15,204,701,248],
Ycircumflex => [-1,15,684,23,218,902,33],
ycircumflex => [-1,16,464,20,13,892,248],
longs => [-1,14,375,-56,218,691,244],
infinity => [-1,22,701,29,260,414,479],
'.notdef' => [-1,0,0,250,218,0,935]}});
