('Times-BoldItalic' => {
  name            => 'Times-BoldItalic',
  family          => 'Times',
  height          => 1139,
  weight          => fw::Bold,
  style           => fs::Bold|fs::Italic,
  pitch           => fp::Variable,
  vector          => 1,
  ascent          => 921,
  descent         => 218,
  maximalWidth    => 1139,
  width           => 1139,
  internalLeading => 139,
  externalLeading => 46,
  firstChar       => 32,
  lastChar        => 251,
  breakChar       => 32,
  defaultChar     => 32,
  xDeviceRes      => 72.27,
  yDeviceRes      => 72.27,
  size            => 1000,
  encoding        => 'Latin1',
  chardata        => {
space => [32,0,0,250,218,0,921],
exclam => [33,67,303,19,205,697,237],
quotedbl => [34,136,400,19,616,287,236],
numbersign => [35,-33,566,-33,218,700,221],
dollar => [36,-20,517,3,118,833,188],
percent => [37,39,754,40,208,702,229],
ampersand => [38,5,694,79,199,701,239],
quoteright => [39,98,204,31,587,316,236],
parenleft => [40,28,316,-11,39,864,236],
parenright => [41,-44,315,62,39,864,236],
asterisk => [42,65,391,44,467,436,236],
plus => [43,33,504,33,218,506,415],
comma => [44,-60,204,106,36,316,787],
hyphen => [45,2,269,62,384,116,639],
period => [46,-9,148,111,205,148,786],
slash => [47,-64,406,-64,200,703,236],
zero => [48,17,460,23,204,697,238],
one => [49,5,414,81,218,683,238],
two => [50,-27,473,54,218,683,238],
three => [51,-15,465,50,205,696,238],
four => [52,-15,518,-3,218,683,238],
five => [53,-11,498,13,205,682,252],
six => [54,23,486,-9,203,694,242],
seven => [55,52,473,-25,218,669,252],
eight => [56,3,473,24,205,696,238],
nine => [57,-12,487,25,208,693,238],
colon => [58,23,241,69,205,472,462],
semicolon => [59,-25,289,69,35,642,462],
less => [60,31,508,31,210,522,407],
equal => [61,33,504,33,325,292,522],
greater => [62,31,508,31,210,522,407],
question => [63,79,391,30,205,697,237],
at => [64,63,707,62,200,703,236],
A => [65,-67,660,74,218,683,238],
B => [66,-24,648,43,218,669,252],
C => [67,32,645,-10,200,703,236],
D => [68,-46,731,37,218,669,252],
E => [69,-27,680,14,218,669,252],
F => [70,-13,673,7,218,669,252],
G => [71,21,685,16,200,703,236],
H => [72,-24,823,-21,218,669,252],
I => [73,-32,438,-17,218,669,252],
J => [74,-46,570,-24,119,768,252],
K => [75,-21,723,-35,218,669,252],
L => [76,-22,612,21,218,669,252],
M => [77,-29,946,-28,206,681,252],
N => [78,-27,775,-26,203,684,252],
O => [79,27,664,31,200,703,236],
P => [80,-27,640,-2,218,669,252],
Q => [81,27,664,31,10,893,236],
R => [82,-29,652,44,218,669,252],
S => [83,2,524,30,200,703,236],
T => [84,50,600,-39,218,669,252],
U => [85,67,677,-22,200,687,252],
V => [86,65,650,-48,200,687,252],
W => [87,65,875,-51,200,687,252],
X => [88,-24,718,-27,218,669,252],
Y => [89,73,586,-48,218,669,252],
Z => [90,-11,601,21,218,669,252],
bracketleft => [91,-37,399,-29,59,833,247],
backslash => [92,-1,280,-1,200,703,236],
bracketright => [93,-56,399,-10,61,831,247],
asciicircum => [94,67,436,67,522,365,252],
underscore => [95,0,500,0,93,50,996],
quoteleft => [96,128,204,1,587,316,236],
a => [97,-21,476,45,204,476,459],
b => [98,-14,458,56,205,712,222],
c => [99,-5,397,52,205,475,459],
d => [100,-21,538,-17,205,712,222],
e => [101,5,393,46,205,475,459],
f => [102,-169,615,-113,13,903,223],
g => [103,-52,530,22,15,665,459],
h => [104,-13,511,58,209,708,222],
i => [105,2,261,15,209,693,237],
j => [106,-189,468,-1,11,891,237],
k => [107,-23,506,17,210,707,222],
l => [108,2,288,-12,209,708,222],
m => [109,-14,736,56,209,471,459],
n => [110,-6,499,63,209,471,459],
o => [111,-3,444,59,205,475,459],
p => [112,-120,566,54,13,667,459],
q => [113,1,470,29,13,667,459],
r => [114,-21,410,0,218,462,459],
s => [115,-19,352,56,205,475,459],
t => [116,-11,292,-3,209,603,327],
u => [117,15,477,64,209,471,459],
v => [118,16,385,43,205,475,459],
w => [119,16,598,53,205,475,459],
x => [120,-46,515,31,205,475,459],
y => [121,-94,486,52,13,667,459],
z => [122,-43,411,21,140,527,472],
braceleft => [123,5,431,-88,31,873,235],
bar => [124,66,88,66,0,1000,139],
braceright => [125,-129,431,46,31,873,235],
asciitilde => [126,54,462,54,391,160,588],
exclamdown => [161,19,303,67,13,697,429],
cent => [162,42,397,61,75,719,345],
sterling => [163,-32,542,-10,206,695,238],
fraction => [164,-169,493,-157,204,697,238],
yen => [165,33,595,-128,218,669,252],
florin => [166,-87,624,-37,62,863,214],
section => [167,36,423,41,75,828,236],
currency => [168,-26,552,-26,252,552,335],
quotesingle => [169,128,140,10,616,287,236],
quotedblleft => [170,53,460,-13,587,316,236],
guillemotleft => [171,12,456,32,250,383,506],
guilsinglleft => [172,32,271,30,250,383,506],
guilsinglright => [173,10,271,52,250,383,506],
fi => [174,-188,702,42,13,908,218],
fl => [175,-186,739,3,13,909,217],
endash => [177,-40,517,23,396,91,652],
dagger => [178,91,403,6,73,830,236],
daggerdbl => [179,10,483,7,79,824,236],
periodcentered => [180,51,148,51,475,148,516],
paragraph => [182,-57,619,-62,25,862,252],
bullet => [183,0,350,0,393,350,396],
quotesinglbase => [184,-5,204,134,36,316,787],
quotedblbase => [185,-57,460,97,36,316,787],
quotedblright => [186,53,460,-13,587,316,236],
guillemotright => [187,12,456,32,250,383,506],
ellipsis => [188,40,812,148,205,148,786],
perthousand => [189,7,989,4,189,735,215],
questiondown => [191,30,391,79,13,697,429],
grave => [193,85,212,36,734,181,224],
acute => [194,139,240,-46,734,181,224],
circumflex => [195,40,327,-34,734,174,231],
tilde => [196,48,359,-74,754,119,266],
macron => [197,51,342,-60,771,70,298],
breve => [198,71,316,-54,734,162,243],
dotaccent => [199,163,135,35,768,134,237],
dieresis => [200,55,347,-69,768,134,237],
ring => [202,127,213,-7,734,213,192],
cedilla => [203,-80,236,177,0,223,916],
hungarumlaut => [205,69,429,-165,734,181,224],
ogonek => [206,15,229,89,35,217,887],
caron => [207,79,332,-78,734,174,231],
emdash => [208,-40,1017,23,396,91,652],
AE => [225,-64,982,26,218,669,252],
ordfeminine => [227,16,314,-64,617,286,236],
Lslash => [232,-22,612,21,218,669,252],
Oslash => [233,27,664,31,93,889,157],
OE => [234,23,923,-2,210,685,244],
ordmasculine => [235,56,291,-47,618,285,236],
ae => [241,-5,678,49,205,475,459],
dotlessi => [245,2,236,40,209,471,459],
lslash => [248,-7,314,-29,209,708,222],
oslash => [249,-3,444,59,99,679,361],
oe => [250,6,668,48,205,475,459],
germandbls => [251,-200,673,27,18,905,216],
Idieresis => [-1,-32,482,-61,218,862,59],
eacute => [-1,5,430,9,205,710,224],
abreve => [-1,-21,492,29,204,692,243],
uhungarumlaut => [-1,15,595,-54,209,706,224],
ecaron => [-1,5,462,-23,205,703,231],
Ydieresis => [-1,73,586,-48,218,862,59],
divide => [-1,33,504,33,189,564,386],
Yacute => [-1,73,586,-48,218,904,17],
Acircumflex => [-1,-67,660,74,218,897,24],
aacute => [-1,-21,484,37,204,711,224],
Ucircumflex => [-1,67,677,-22,200,915,24],
yacute => [-1,-94,529,9,13,902,224],
scommaaccent => [-1,-19,352,56,0,680,459],
ecircumflex => [-1,5,418,21,205,703,231],
Uring => [-1,67,677,-22,200,939,0],
Udieresis => [-1,67,677,-22,200,880,59],
aogonek => [-1,-21,476,45,35,645,459],
Uacute => [-1,67,677,-22,200,922,17],
uogonek => [-1,15,477,64,35,645,459],
Edieresis => [-1,-27,680,14,218,862,59],
Dcroat => [-1,-31,731,22,218,669,252],
commaaccent => [-1,-36,167,119,0,168,971],
copyright => [-1,30,688,29,200,703,236],
Emacron => [-1,-27,680,14,218,830,91],
ccaron => [-1,-5,472,-23,205,703,231],
aring => [-1,-21,476,45,204,743,192],
Ncommaaccent => [-1,-27,775,-26,0,887,252],
lacute => [-1,2,390,-114,209,913,17],
agrave => [-1,-21,476,45,204,711,224],
Tcommaaccent => [-1,50,600,-39,0,887,252],
Cacute => [-1,32,645,-10,200,922,17],
atilde => [-1,-21,512,9,204,669,266],
Edotaccent => [-1,-27,680,14,218,862,59],
scaron => [-1,-19,443,-35,205,703,231],
scedilla => [-1,-19,352,56,0,680,459],
iacute => [-1,2,350,-74,209,706,224],
lozenge => [-1,10,474,10,218,745,176],
Rcaron => [-1,-29,652,44,218,897,24],
Gcommaaccent => [-1,21,685,16,0,903,236],
ucircumflex => [-1,15,477,64,209,699,231],
acircumflex => [-1,-21,476,45,204,704,231],
Amacron => [-1,-67,660,74,218,830,91],
rcaron => [-1,-21,445,-35,218,690,231],
ccedilla => [-1,-5,397,52,0,680,459],
Zdotaccent => [-1,-11,601,21,218,862,59],
Thorn => [-1,-27,600,38,218,669,252],
Omacron => [-1,27,664,31,200,848,91],
Racute => [-1,-29,652,44,218,904,17],
Sacute => [-1,2,529,25,200,922,17],
dcaron => [-1,-21,696,-67,205,721,213],
Umacron => [-1,67,677,-22,200,848,91],
uring => [-1,15,477,64,209,738,192],
threesuperior => [-1,17,304,-21,483,418,238],
Ograve => [-1,27,664,31,200,922,17],
Agrave => [-1,-67,660,74,218,904,17],
Abreve => [-1,-67,660,74,218,885,36],
multiply => [-1,48,474,48,234,474,431],
uacute => [-1,15,477,64,209,706,224],
Tcaron => [-1,50,600,-39,218,897,24],
partialdiff => [-1,11,483,0,197,771,171],
ydieresis => [-1,-94,537,1,13,860,266],
Nacute => [-1,-27,775,-26,203,919,17],
icircumflex => [-1,-3,327,-46,209,699,231],
Ecircumflex => [-1,-27,680,14,218,897,24],
adieresis => [-1,-21,497,24,204,669,266],
edieresis => [-1,5,443,-4,205,668,266],
cacute => [-1,-5,440,9,205,710,224],
nacute => [-1,-6,499,63,209,706,224],
umacron => [-1,15,477,64,209,632,298],
Ncaron => [-1,-27,775,-26,203,912,24],
Iacute => [-1,-32,464,-43,218,904,17],
plusminus => [-1,33,504,33,218,506,415],
brokenbar => [-1,66,88,66,75,850,214],
registered => [-1,30,688,29,200,703,236],
Gbreve => [-1,21,685,16,200,903,36],
Idotaccent => [-1,-32,438,-17,218,862,59],
summation => [-1,14,571,15,208,716,215],
Egrave => [-1,-27,680,14,218,904,17],
racute => [-1,-21,428,-18,218,697,224],
omacron => [-1,-3,465,38,205,636,298],
Zacute => [-1,-11,601,21,218,904,17],
Zcaron => [-1,-11,601,21,218,897,24],
greaterequal => [-1,26,497,26,218,704,217],
Eth => [-1,-31,731,22,218,669,252],
Ccedilla => [-1,32,645,-10,0,903,236],
lcommaaccent => [-1,-42,332,-12,0,917,222],
tcaron => [-1,-11,445,-68,209,763,167],
eogonek => [-1,5,393,46,35,645,459],
Uogonek => [-1,67,677,-22,35,852,252],
Aacute => [-1,-67,660,74,218,904,17],
Adieresis => [-1,-67,660,74,218,862,59],
egrave => [-1,5,393,46,205,710,224],
zacute => [-1,-43,450,-18,140,775,224],
iogonek => [-1,-20,283,15,35,867,237],
Oacute => [-1,27,664,31,200,922,17],
oacute => [-1,-3,466,37,205,710,224],
amacron => [-1,-21,488,33,204,637,298],
sacute => [-1,-19,426,-18,205,710,224],
idieresis => [-1,2,362,-86,209,664,266],
Ocircumflex => [-1,27,664,31,200,915,24],
Ugrave => [-1,67,677,-22,200,922,17],
Delta => [-1,6,602,4,218,688,233],
thorn => [-1,-120,566,54,13,904,222],
twosuperior => [-1,2,311,-13,492,409,238],
Odieresis => [-1,27,664,31,200,880,59],
mu => [-1,-60,576,60,11,656,472],
igrave => [-1,2,257,19,209,706,224],
ohungarumlaut => [-1,-3,585,-82,205,710,224],
Eogonek => [-1,-27,680,14,35,852,252],
dcroat => [-1,-21,573,-52,205,712,222],
threequarters => [-1,7,719,24,204,697,238],
Scedilla => [-1,2,524,30,0,903,236],
lcaron => [-1,2,446,-66,209,717,213],
Kcommaaccent => [-1,-21,723,-35,0,887,252],
Lacute => [-1,-22,612,21,218,904,17],
trademark => [-1,32,936,32,481,406,252],
edotaccent => [-1,5,393,46,205,668,266],
Igrave => [-1,-32,438,-17,218,904,17],
Imacron => [-1,-32,493,-72,218,830,91],
Lcaron => [-1,-22,693,-60,218,718,203],
onehalf => [-1,-9,732,27,204,697,238],
lessequal => [-1,29,497,23,218,704,217],
ocircumflex => [-1,-3,454,49,205,703,231],
ntilde => [-1,-6,510,52,209,664,266],
Uhungarumlaut => [-1,67,677,-22,200,922,17],
Eacute => [-1,-27,680,14,218,904,17],
emacron => [-1,5,434,5,205,636,298],
gbreve => [-1,-52,530,22,15,881,243],
onequarter => [-1,7,714,29,204,697,238],
Scaron => [-1,2,551,3,200,915,24],
Scommaaccent => [-1,2,524,30,0,903,236],
Ohungarumlaut => [-1,27,696,-1,200,922,17],
degree => [-1,83,286,31,615,286,238],
ograve => [-1,-3,444,59,205,710,224],
Ccaron => [-1,32,645,-10,200,915,24],
ugrave => [-1,15,477,64,209,706,224],
radical => [-1,10,502,37,172,896,71],
Dcaron => [-1,-46,731,37,218,897,24],
rcommaaccent => [-1,-67,456,0,0,680,459],
Ntilde => [-1,-27,775,-26,203,877,59],
otilde => [-1,-3,494,9,205,668,266],
Rcommaaccent => [-1,-29,652,44,0,887,252],
Lcommaaccent => [-1,-22,612,21,0,887,252],
Atilde => [-1,-67,660,74,218,862,59],
Aogonek => [-1,-67,671,63,35,866,238],
Aring => [-1,-67,660,74,218,921,0],
Otilde => [-1,27,664,31,200,880,59],
zdotaccent => [-1,-43,411,21,140,733,266],
Ecaron => [-1,-27,680,14,218,897,24],
Iogonek => [-1,-32,438,-17,35,852,252],
kcommaaccent => [-1,-23,506,17,0,917,222],
minus => [-1,51,504,51,427,88,624],
Icircumflex => [-1,-32,482,-61,218,897,24],
ncaron => [-1,-6,529,33,209,699,231],
tcommaaccent => [-1,-62,343,-3,0,812,327],
logicalnot => [-1,51,504,51,326,291,522],
odieresis => [-1,-3,474,29,205,668,266],
udieresis => [-1,15,484,57,209,664,266],
notequal => [-1,15,525,9,169,619,351],
gcommaaccent => [-1,-52,530,22,15,970,154],
eth => [-1,-3,457,46,205,712,222],
zcaron => [-1,-43,467,-35,140,768,231],
ncommaaccent => [-1,-6,499,63,0,680,459],
onesuperior => [-1,30,271,-1,492,409,238],
imacron => [-1,2,292,-16,209,632,298],
Euro => [-1,0,0,500,218,0,921],
Ccircumflex => [-1,32,645,-10,200,911,28],
ccircumflex => [-1,-5,444,5,205,699,235],
Cdotaccent => [-1,32,645,-10,200,867,72],
cdotaccent => [-1,-5,397,52,205,655,279],
Ebreve => [-1,-24,680,11,218,881,40],
ebreve => [-1,5,478,-39,205,687,247],
Gcircumflex => [-1,21,685,16,200,911,28],
gcircumflex => [-1,-52,530,22,15,889,235],
Gdotaccent => [-1,21,685,16,200,867,72],
gdotaccent => [-1,-52,530,22,15,845,279],
Hcircumflex => [-1,-24,823,-21,218,893,28],
hcircumflex => [-1,-13,511,58,209,932,-2],
Hbar => [-1,-24,823,-21,218,669,252],
hbar => [-1,-13,511,58,209,708,222],
Itilde => [-1,-24,519,-106,218,838,83],
itilde => [-1,2,387,-111,209,640,290],
Ibreve => [-1,-24,526,-113,218,881,40],
ibreve => [-1,2,393,-117,209,683,247],
IJ => [-1,-24,882,-32,119,768,252],
ij => [-1,2,517,6,11,892,236],
Jcircumflex => [-1,-46,570,-24,119,992,28],
jcircumflex => [-1,-189,532,-65,11,976,152],
kgreenlandic => [-1,-6,520,20,218,470,451],
Ldot => [-1,-24,612,23,218,669,252],
ldot => [-1,2,475,51,209,708,222],
napostrophe => [-1,-6,499,63,209,795,135],
Obreve => [-1,27,664,31,200,899,40],
obreve => [-1,-3,504,-1,205,687,247],
Scircumflex => [-1,2,551,3,200,911,28],
scircumflex => [-1,-19,424,-16,205,699,235],
Tbar => [-1,50,600,-39,218,669,252],
tbar => [-1,-15,296,-3,209,603,327],
Tcedilla => [-1,50,600,-39,0,887,252],
tcedilla => [-1,-62,343,-3,0,812,327],
Utilde => [-1,67,677,-22,200,856,83],
utilde => [-1,15,508,33,209,640,290],
Ubreve => [-1,67,677,-22,200,899,40],
ubreve => [-1,15,515,26,209,683,247],
Wcircumflex => [-1,65,875,-51,200,911,28],
wcircumflex => [-1,16,598,53,205,699,235],
Ycircumflex => [-1,73,586,-48,218,893,28],
ycircumflex => [-1,-94,486,52,13,891,235],
longs => [-1,-169,615,-113,13,903,223],
infinity => [-1,14,720,18,260,414,465],
'.notdef' => [-1,0,0,250,218,0,921]}});
