('ZapfChancery-MediumItalic' => {
  name            => 'ZapfChancery-MediumItalic',
  family          => 'ITC Zapf Chancery',
  height          => 1145,
  weight          => fw::Medium,
  style           => fs::Italic,
  pitch           => fp::Variable,
  vector          => 1,
  ascent          => 831,
  descent         => 314,
  maximalWidth    => 1145,
  width           => 1145,
  internalLeading => 145,
  externalLeading => 48,
  firstChar       => 32,
  lastChar        => 251,
  breakChar       => 32,
  defaultChar     => 32,
  xDeviceRes      => 72.27,
  yDeviceRes      => 72.27,
  size            => 1000,
  encoding        => 'Latin1',
  chardata        => {
space => [32,0,0,220,314,0,831],
exclam => [33,119,234,-73,300,624,221],
quotedbl => [34,120,213,-113,657,267,221],
numbersign => [35,83,438,-81,314,594,237],
dollar => [36,60,448,-68,170,853,122],
percent => [37,132,578,-30,154,860,131],
ampersand => [38,126,789,-135,298,626,221],
quoteright => [39,168,170,-98,657,267,221],
parenleft => [40,96,315,-151,98,880,167],
parenright => [41,-13,315,-82,98,880,167],
asterisk => [42,139,340,-59,577,347,221],
plus => [43,117,426,-23,314,426,405],
comma => [44,25,188,7,174,288,683],
hyphen => [45,69,265,-54,504,58,583],
period => [46,102,126,-8,300,142,703],
slash => [47,74,384,-118,298,626,221],
zero => [48,79,459,-98,298,626,221],
one => [49,41,387,12,314,610,221],
two => [50,17,468,-45,298,626,221],
three => [51,1,484,-45,298,626,221],
four => [52,77,422,-59,279,645,221],
five => [53,60,535,-155,298,695,152],
six => [54,90,466,-116,298,626,221],
seven => [55,157,404,-121,281,678,186],
eight => [56,65,464,-89,298,626,221],
nine => [57,32,485,-77,298,626,221],
colon => [58,98,198,-36,300,452,393],
semicolon => [59,29,270,-59,174,578,393],
less => [60,139,388,-7,314,468,363],
equal => [61,117,426,-23,400,254,491],
greater => [62,139,388,-7,314,468,363],
question => [63,150,305,-75,300,624,221],
at => [64,127,626,-53,298,626,221],
A => [65,13,684,-77,298,648,199],
B => [66,85,589,-74,308,646,191],
C => [67,93,538,-111,298,626,221],
D => [68,86,682,-68,308,646,191],
E => [69,91,618,-89,302,630,213],
F => [70,120,673,-213,196,747,202],
G => [71,148,561,-89,72,852,221],
H => [72,18,860,-198,298,724,123],
I => [73,99,405,-124,314,594,237],
J => [74,-14,552,-138,167,741,237],
K => [75,53,791,-184,161,763,221],
L => [76,53,604,-77,298,626,221],
M => [77,58,962,-180,298,738,109],
N => [78,85,830,-215,146,876,123],
O => [79,94,566,-60,298,626,221],
P => [80,42,616,-118,314,628,203],
Q => [81,84,691,-175,137,787,221],
R => [82,58,747,-205,146,808,191],
S => [83,45,513,-98,233,691,221],
T => [84,63,681,-244,314,667,164],
U => [85,126,666,-52,298,633,214],
V => [86,124,686,-170,298,730,117],
W => [87,94,952,-166,298,739,108],
X => [88,-30,729,-139,298,626,221],
Y => [89,41,733,-214,146,815,184],
Z => [90,42,627,-49,295,643,207],
bracketleft => [91,-13,418,-165,107,862,176],
backslash => [92,140,384,-44,298,626,221],
bracketright => [93,-27,418,-71,107,862,176],
asciicircum => [94,132,400,-12,553,355,237],
underscore => [95,0,500,0,189,50,906],
quoteleft => [96,169,170,-99,657,267,221],
a => [97,92,393,-65,299,453,393],
b => [98,82,410,-72,291,737,117],
c => [99,87,319,-66,300,452,393],
d => [100,102,549,-211,300,728,117],
e => [101,87,316,-63,300,452,393],
f => [102,-119,666,-227,0,1028,117],
g => [103,-108,611,-103,0,752,393],
h => [104,55,469,-84,300,728,117],
i => [105,100,241,-101,300,649,196],
j => [106,-112,444,-112,0,949,196],
k => [107,87,541,-188,130,898,117],
l => [108,102,378,-240,300,728,117],
m => [109,86,618,-84,300,452,393],
n => [110,101,443,-84,300,452,393],
o => [111,87,362,-49,300,452,393],
p => [112,-23,507,-44,0,746,399],
q => [113,87,403,-90,14,810,321],
r => [114,101,323,-124,300,452,393],
s => [115,46,357,-83,300,452,393],
t => [116,106,320,-106,300,553,292],
u => [117,102,426,-68,300,452,393],
v => [118,87,446,-93,300,502,343],
w => [119,87,695,-102,300,502,343],
x => [120,70,519,-169,119,633,393],
y => [121,-24,507,-83,0,752,393],
z => [122,26,482,-68,300,459,386],
braceleft => [123,55,328,-143,107,862,176],
bar => [124,320,58,142,64,1000,81],
braceright => [125,-10,328,-78,107,862,176],
asciitilde => [126,123,416,-19,500,134,511],
exclamdown => [161,72,234,-26,128,624,393],
cent => [162,122,354,-36,180,677,288],
sterling => [163,-16,522,-66,262,662,221],
fraction => [164,-181,501,-260,298,626,221],
yen => [165,-1,614,-173,146,815,184],
florin => [166,-64,646,-142,0,924,221],
section => [167,53,461,-94,99,825,221],
currency => [168,50,424,-34,399,424,322],
quotesingle => [169,145,70,-55,657,267,221],
quotedblleft => [170,169,295,-124,657,267,221],
guillemotleft => [171,98,258,-16,338,390,417],
guilsinglleft => [172,98,160,-18,338,390,417],
guilsinglright => [173,106,160,-6,338,390,417],
fi => [174,-124,729,-85,0,1028,117],
fl => [175,-124,794,-150,0,1028,117],
endash => [177,51,514,-65,513,40,592],
dagger => [178,138,430,-108,277,647,221],
daggerdbl => [179,138,395,-53,255,669,221],
periodcentered => [180,139,102,-21,522,102,521],
paragraph => [182,105,533,-138,115,793,237],
bullet => [183,228,296,76,463,296,386],
quotesinglbase => [184,21,170,-11,193,267,685],
quotedblbase => [185,-14,295,-1,193,267,685],
quotedblright => [186,158,295,-93,657,267,221],
guillemotright => [187,117,258,5,338,390,417],
ellipsis => [188,124,792,84,300,142,703],
perthousand => [189,112,893,-45,154,860,131],
questiondown => [191,82,305,13,128,624,393],
grave => [193,193,146,-119,806,167,172],
acute => [194,265,157,-122,806,167,172],
circumflex => [195,223,220,-103,796,167,182],
tilde => [196,243,279,-82,857,76,212],
macron => [197,292,245,-97,858,40,247],
breve => [198,253,248,-61,836,109,200],
dotaccent => [199,236,106,-122,829,120,196],
dieresis => [200,233,270,-143,829,120,196],
ring => [202,240,176,-116,797,176,172],
cedilla => [203,12,172,116,123,197,825],
hungarumlaut => [205,208,287,-95,806,167,172],
ogonek => [206,114,206,-40,123,231,791],
caron => [207,254,220,-134,806,167,172],
emdash => [208,51,1014,-65,513,40,592],
AE => [225,-21,820,-59,298,610,237],
ordfeminine => [227,111,275,-126,652,272,221],
Lslash => [232,49,608,-77,298,626,221],
Oslash => [233,83,668,-91,236,750,159],
OE => [234,63,846,-89,298,626,221],
ordmasculine => [235,128,245,-113,653,271,221],
ae => [241,67,557,-84,300,482,363],
dotlessi => [245,100,206,-66,300,452,393],
lslash => [248,74,406,-180,300,728,117],
oslash => [249,46,494,-100,250,552,343],
oe => [250,78,550,-68,300,452,393],
germandbls => [251,-127,669,-122,0,1028,117],
Idieresis => [-1,99,454,-173,314,762,69],
eacute => [-1,87,375,-122,300,673,172],
abreve => [-1,92,409,-81,299,646,200],
uhungarumlaut => [-1,102,463,-105,300,673,172],
ecaron => [-1,87,387,-134,300,673,172],
Ydieresis => [-1,41,733,-214,146,930,69],
divide => [-1,117,426,-23,300,454,391],
Yacute => [-1,41,733,-214,146,989,10],
Acircumflex => [-1,13,684,-77,298,837,10],
aacute => [-1,92,400,-72,299,674,172],
Ucircumflex => [-1,126,666,-52,298,837,10],
yacute => [-1,-24,507,-83,0,973,172],
scommaaccent => [-1,42,361,-83,10,742,393],
ecircumflex => [-1,87,346,-93,300,663,182],
Uring => [-1,126,666,-52,298,847,0],
Udieresis => [-1,126,666,-52,298,778,69],
aogonek => [-1,92,393,-65,123,629,393],
Uacute => [-1,126,666,-52,298,837,10],
uogonek => [-1,102,426,-68,136,616,393],
Edieresis => [-1,91,618,-89,302,774,69],
Dcroat => [-1,86,682,-68,308,646,191],
commaaccent => [-1,52,149,-21,10,232,903],
copyright => [-1,137,626,-23,298,626,221],
Emacron => [-1,91,618,-89,302,758,85],
ccaron => [-1,87,387,-134,300,673,172],
aring => [-1,92,393,-65,299,674,172],
Ncommaaccent => [-1,85,830,-215,40,982,123],
lacute => [-1,102,420,-282,300,845,0],
agrave => [-1,92,393,-65,299,674,172],
Tcommaaccent => [-1,63,681,-244,10,971,164],
Cacute => [-1,93,538,-111,298,837,10],
atilde => [-1,92,430,-102,299,634,212],
Edotaccent => [-1,91,618,-89,302,774,69],
scaron => [-1,46,418,-144,300,673,172],
scedilla => [-1,42,361,-83,123,629,393],
iacute => [-1,100,292,-152,300,673,172],
lozenge => [-1,15,442,14,314,719,112],
Rcaron => [-1,58,747,-205,146,989,10],
Gcommaaccent => [-1,148,561,-89,10,914,221],
ucircumflex => [-1,102,426,-68,300,663,182],
acircumflex => [-1,92,393,-65,299,664,182],
Amacron => [-1,13,704,-97,298,762,85],
rcaron => [-1,101,343,-144,300,673,172],
ccedilla => [-1,62,344,-66,123,629,393],
Zdotaccent => [-1,42,627,-49,295,781,69],
Thorn => [-1,52,595,-107,314,623,208],
Omacron => [-1,94,566,-60,298,762,85],
Racute => [-1,58,747,-205,146,989,10],
Sacute => [-1,45,513,-98,233,902,10],
dcaron => [-1,102,549,-161,300,728,117],
Umacron => [-1,126,666,-52,298,762,85],
uring => [-1,102,426,-68,300,673,172],
threesuperior => [-1,59,289,-84,548,376,221],
Ograve => [-1,94,566,-60,298,837,10],
Agrave => [-1,13,684,-77,298,837,10],
Abreve => [-1,13,748,-141,298,809,38],
multiply => [-1,133,394,-7,330,394,421],
uacute => [-1,102,426,-68,300,673,172],
Tcaron => [-1,63,681,-244,314,821,10],
partialdiff => [-1,17,442,17,276,748,121],
ydieresis => [-1,-24,527,-103,0,924,221],
Nacute => [-1,85,830,-215,146,989,10],
icircumflex => [-1,100,263,-123,300,663,182],
Ecircumflex => [-1,91,618,-89,302,833,10],
adieresis => [-1,92,421,-93,299,625,221],
edieresis => [-1,87,396,-143,300,624,221],
cacute => [-1,87,365,-112,300,673,172],
nacute => [-1,101,443,-84,300,673,172],
umacron => [-1,102,426,-68,300,598,247],
Ncaron => [-1,85,830,-215,146,989,10],
Iacute => [-1,99,433,-152,314,821,10],
plusminus => [-1,117,426,-23,314,436,395],
brokenbar => [-1,320,58,142,139,850,156],
registered => [-1,137,626,-23,298,626,221],
Gbreve => [-1,148,561,-89,72,1035,38],
Idotaccent => [-1,99,405,-124,314,762,69],
summation => [-1,15,570,15,304,716,125],
Egrave => [-1,91,618,-89,302,833,10],
racute => [-1,101,341,-142,300,673,172],
omacron => [-1,87,420,-107,300,598,247],
Zacute => [-1,42,627,-49,295,840,10],
Zcaron => [-1,42,627,-49,295,840,10],
greaterequal => [-1,26,497,26,314,658,173],
Eth => [-1,86,682,-68,308,646,191],
Ccedilla => [-1,93,538,-111,123,801,221],
lcommaaccent => [-1,42,438,-240,10,1018,117],
tcaron => [-1,106,395,-181,300,692,153],
eogonek => [-1,87,316,-63,123,629,393],
Uogonek => [-1,126,666,-52,123,808,214],
Aacute => [-1,13,689,-82,298,837,10],
Adieresis => [-1,13,730,-123,298,778,69],
egrave => [-1,87,316,-63,300,673,172],
zacute => [-1,26,486,-72,300,673,172],
iogonek => [-1,94,247,-101,123,826,196],
Oacute => [-1,94,566,-60,298,837,10],
oacute => [-1,87,395,-82,300,673,172],
amacron => [-1,92,415,-87,299,599,247],
sacute => [-1,46,396,-122,300,673,172],
idieresis => [-1,100,303,-163,300,624,221],
Ocircumflex => [-1,94,566,-60,298,837,10],
Ugrave => [-1,126,666,-52,298,837,10],
Delta => [-1,6,602,4,314,688,143],
thorn => [-1,-38,543,-65,0,1028,117],
twosuperior => [-1,72,282,-90,548,376,221],
Odieresis => [-1,94,566,-60,298,778,69],
mu => [-1,7,516,-63,0,752,393],
igrave => [-1,100,206,-66,300,673,172],
ohungarumlaut => [-1,87,448,-135,300,673,172],
Eogonek => [-1,91,618,-89,123,809,213],
dcroat => [-1,102,549,-211,300,728,117],
threequarters => [-1,39,667,-46,298,626,221],
Scedilla => [-1,45,513,-98,63,861,221],
lcaron => [-1,102,378,-200,300,728,117],
Kcommaaccent => [-1,53,791,-184,40,884,221],
Lacute => [-1,53,604,-77,298,837,10],
trademark => [-1,127,919,-46,501,407,237],
edotaccent => [-1,87,316,-63,300,624,221],
Igrave => [-1,99,405,-124,314,821,10],
Imacron => [-1,99,448,-167,314,746,85],
Lcaron => [-1,53,668,-141,298,626,221],
onehalf => [-1,56,646,-42,298,626,221],
lessequal => [-1,26,497,26,314,658,173],
ocircumflex => [-1,87,366,-53,300,663,182],
ntilde => [-1,101,443,-84,300,633,212],
Uhungarumlaut => [-1,126,666,-52,298,837,10],
Eacute => [-1,91,618,-89,302,833,10],
emacron => [-1,87,390,-137,300,598,247],
gbreve => [-1,-108,611,-103,0,945,200],
onequarter => [-1,56,646,-42,298,626,221],
Scaron => [-1,45,549,-134,233,902,10],
Scommaaccent => [-1,45,513,-98,0,924,221],
Ohungarumlaut => [-1,94,566,-60,298,837,10],
degree => [-1,171,286,-57,638,286,221],
ograve => [-1,87,362,-49,300,673,172],
Ccaron => [-1,93,538,-111,298,837,10],
ugrave => [-1,102,426,-68,300,673,172],
radical => [-1,2,450,1,254,828,63],
Dcaron => [-1,86,682,-68,308,827,10],
rcommaaccent => [-1,32,392,-124,10,742,393],
Ntilde => [-1,85,830,-215,146,949,50],
otilde => [-1,87,415,-102,300,633,212],
Rcommaaccent => [-1,58,747,-205,10,944,191],
Lcommaaccent => [-1,53,604,-77,10,914,221],
Atilde => [-1,13,689,-82,298,797,50],
Aogonek => [-1,13,684,-77,123,823,199],
Aring => [-1,13,684,-77,298,847,0],
Otilde => [-1,94,566,-60,298,797,50],
zdotaccent => [-1,26,482,-68,300,624,221],
Ecaron => [-1,91,618,-89,302,833,10],
Iogonek => [-1,99,405,-124,123,785,237],
kcommaaccent => [-1,87,541,-188,10,1018,117],
minus => [-1,117,426,-23,498,58,589],
Icircumflex => [-1,99,405,-124,314,821,10],
ncaron => [-1,101,443,-84,300,673,172],
tcommaaccent => [-1,72,354,-106,10,843,292],
logicalnot => [-1,117,426,-23,400,254,491],
odieresis => [-1,87,426,-113,300,624,221],
udieresis => [-1,102,426,-68,300,624,221],
notequal => [-1,12,525,12,285,570,290],
gcommaaccent => [-1,-108,614,-106,0,1028,117],
eth => [-1,87,435,-122,300,728,117],
zcaron => [-1,26,488,-74,300,673,172],
ncommaaccent => [-1,101,443,-84,10,742,393],
onesuperior => [-1,83,228,-47,558,366,221],
imacron => [-1,100,230,-90,300,598,247],
'.notdef' => [-1,0,0,220,314,0,831]}});
