('ZapfDingbats' => {
  name            => 'ZapfDingbats',
  family          => 'ITC Zapf Dingbats',
  height          => 963,
  weight          => fw::Medium,
  style           => fs::Normal,
  pitch           => fp::Variable,
  vector          => 1,
  ascent          => 820,
  descent         => 143,
  maximalWidth    => 963,
  width           => 963,
  internalLeading => -37,
  externalLeading => 12,
  firstChar       => 32,
  lastChar        => 254,
  breakChar       => 32,
  defaultChar     => 32,
  xDeviceRes      => 72.27,
  yDeviceRes      => 72.27,
  size            => 1000,
  encoding        => 'Specific',
  chardata        => {
space => [32,0,0,278,143,0,820],
a1 => [33,35,904,35,215,549,199],
a2 => [34,35,892,34,224,530,209],
a202 => [35,35,904,35,215,549,199],
a3 => [36,35,910,35,143,692,128],
a4 => [37,34,651,34,282,427,254],
a5 => [38,35,720,34,129,719,115],
a119 => [39,35,720,35,129,719,115],
a118 => [40,35,726,30,130,718,115],
a117 => [41,34,621,35,281,415,267],
a11 => [42,35,890,35,266,445,252],
a12 => [43,35,869,35,277,425,261],
a13 => [44,29,487,33,132,716,115],
a14 => [45,34,786,35,202,573,188],
a15 => [46,35,841,35,193,592,178],
a16 => [47,35,864,34,282,411,270],
a105 => [48,35,841,35,193,592,178],
a17 => [49,35,874,36,282,414,267],
a18 => [50,35,903,36,247,483,233],
a19 => [51,34,687,34,130,718,115],
a20 => [52,36,775,35,129,719,115],
a21 => [53,35,692,35,143,692,128],
a22 => [54,35,692,34,143,692,128],
a23 => [55,-1,572,0,75,729,159],
a24 => [56,36,606,35,130,718,115],
a25 => [57,35,693,35,143,692,128],
a26 => [58,35,691,34,143,692,128],
a27 => [59,35,690,34,143,692,128],
a28 => [60,35,685,34,143,692,128],
a6 => [61,35,425,34,143,692,128],
a7 => [62,35,482,35,143,692,128],
a8 => [63,35,468,34,143,692,128],
a9 => [64,35,507,35,239,500,224],
a10 => [65,35,622,35,129,719,115],
a29 => [66,35,716,35,129,719,115],
a30 => [67,35,717,36,129,719,115],
a31 => [68,35,718,35,129,719,115],
a32 => [69,35,721,34,129,719,115],
a33 => [70,35,724,34,130,718,115],
a34 => [71,35,724,35,130,718,115],
a35 => [72,35,747,34,129,719,115],
a36 => [73,35,752,36,129,719,115],
a37 => [74,35,719,35,129,719,115],
a38 => [75,35,772,34,129,719,115],
a39 => [76,35,754,34,129,719,115],
a40 => [77,35,763,35,129,719,115],
a41 => [78,35,747,34,130,718,115],
a42 => [79,35,761,35,129,719,115],
a43 => [80,35,853,35,129,719,115],
a44 => [81,35,675,34,143,692,128],
a45 => [82,35,653,35,143,692,128],
a46 => [83,35,679,35,143,692,128],
a47 => [84,34,722,34,129,719,115],
a48 => [85,35,723,34,129,719,115],
a49 => [86,35,626,34,129,720,114],
a50 => [87,35,706,35,137,705,121],
a51 => [88,35,699,34,136,706,121],
a52 => [89,35,722,35,129,719,115],
a53 => [90,35,690,34,143,692,128],
a54 => [91,35,637,35,130,717,116],
a55 => [92,35,637,36,129,719,115],
a56 => [93,35,612,35,129,719,115],
a57 => [94,35,631,35,129,719,115],
a58 => [95,35,756,35,129,719,115],
a59 => [96,35,745,35,129,719,115],
a60 => [97,35,719,35,129,719,115],
a61 => [98,35,719,35,129,719,115],
a62 => [99,34,639,34,129,719,115],
a63 => [100,36,615,36,143,692,128],
a64 => [101,35,626,35,143,691,129],
a65 => [102,35,620,34,143,692,128],
a66 => [103,34,717,35,129,719,115],
a67 => [104,35,717,35,129,719,115],
a68 => [105,35,643,35,129,719,115],
a69 => [106,35,721,35,129,719,115],
a70 => [107,36,715,34,129,719,115],
a71 => [108,35,722,34,129,719,115],
a72 => [109,35,803,35,129,719,115],
a73 => [110,35,691,35,143,692,128],
a74 => [111,35,692,35,143,692,128],
a203 => [112,35,692,35,143,692,128],
a75 => [113,35,690,34,143,692,128],
a204 => [114,35,690,34,143,692,128],
a76 => [115,35,823,34,143,705,115],
a77 => [116,35,823,34,129,706,128],
a78 => [117,35,719,34,129,719,115],
a79 => [118,35,714,35,129,719,115],
a81 => [119,35,368,35,129,719,115],
a82 => [120,35,69,34,143,692,128],
a83 => [121,35,207,35,143,692,128],
a84 => [122,35,345,35,143,692,128],
a97 => [123,35,322,35,406,442,115],
a98 => [124,34,323,35,406,442,115],
a99 => [125,35,598,35,406,442,115],
a100 => [126,36,598,34,406,442,115],
a89 => [128,35,321,34,129,719,115],
a90 => [129,35,320,35,129,719,115],
a93 => [130,35,248,34,143,692,128],
a94 => [131,35,248,34,143,692,128],
a91 => [132,35,207,34,143,692,128],
a92 => [133,35,207,34,143,692,128],
a205 => [134,35,440,34,143,692,128],
a85 => [135,35,440,34,143,692,128],
a206 => [136,35,340,35,143,692,128],
a86 => [137,35,340,35,143,692,128],
a87 => [138,35,164,35,129,719,115],
a88 => [139,35,164,35,129,719,115],
a95 => [140,35,264,35,143,692,128],
a96 => [141,35,264,35,143,692,128],
a101 => [161,35,662,35,0,949,14],
a102 => [162,56,432,56,129,720,114],
a103 => [163,34,474,36,129,719,115],
a104 => [164,35,840,35,183,611,169],
a106 => [165,35,598,34,129,719,115],
a107 => [166,35,691,34,129,719,115],
a108 => [167,0,758,2,264,448,251],
a112 => [168,35,706,35,143,705,115],
a111 => [169,34,526,35,129,719,115],
a110 => [170,35,624,35,129,719,115],
a109 => [171,34,557,35,143,705,115],
a120 => [172,35,719,34,129,719,115],
a121 => [173,35,719,34,129,719,115],
a122 => [174,35,719,34,129,719,115],
a123 => [175,35,719,34,129,719,115],
a124 => [176,35,719,34,129,719,115],
a125 => [177,35,719,34,129,719,115],
a126 => [178,35,719,34,129,719,115],
a127 => [179,35,719,34,129,719,115],
a128 => [180,35,719,34,129,719,115],
a129 => [181,35,719,34,129,719,115],
a130 => [182,35,719,34,129,719,115],
a131 => [183,35,719,34,129,719,115],
a132 => [184,35,719,34,129,719,115],
a133 => [185,35,719,34,129,719,115],
a134 => [186,35,719,34,129,719,115],
a135 => [187,35,719,34,129,719,115],
a136 => [188,35,719,34,129,719,115],
a137 => [189,35,719,34,129,719,115],
a138 => [190,35,719,34,129,719,115],
a139 => [191,35,719,34,129,719,115],
a140 => [192,35,719,34,129,719,115],
a141 => [193,35,719,34,129,719,115],
a142 => [194,35,719,34,129,719,115],
a143 => [195,35,719,34,129,719,115],
a144 => [196,35,719,34,129,719,115],
a145 => [197,35,719,34,129,719,115],
a146 => [198,35,719,34,129,719,115],
a147 => [199,35,719,34,129,719,115],
a148 => [200,35,719,34,129,719,115],
a149 => [201,35,719,34,129,719,115],
a150 => [202,35,719,34,129,719,115],
a151 => [203,35,719,34,129,719,115],
a152 => [204,35,719,34,129,719,115],
a153 => [205,35,719,34,129,719,115],
a154 => [206,35,719,34,129,719,115],
a155 => [207,35,719,34,129,719,115],
a156 => [208,35,719,34,129,719,115],
a157 => [209,35,719,34,129,719,115],
a158 => [210,35,719,34,129,719,115],
a159 => [211,35,719,34,129,719,115],
a160 => [212,35,825,34,201,576,186],
a161 => [213,35,768,35,295,388,280],
a163 => [214,34,947,35,295,388,280],
a164 => [215,35,387,36,16,947,0],
a196 => [216,35,663,50,237,503,223],
a165 => [217,35,855,34,283,412,268],
a192 => [218,35,663,50,237,503,223],
a166 => [219,35,849,34,309,360,294],
a167 => [220,35,857,35,175,628,160],
a168 => [221,35,856,37,272,433,258],
a169 => [222,35,858,35,271,435,257],
a170 => [223,35,764,35,298,382,283],
a171 => [224,35,803,35,236,506,221],
a172 => [225,35,756,37,247,484,232],
a173 => [226,35,854,35,241,496,226],
a162 => [227,35,854,35,241,496,226],
a174 => [228,35,847,35,143,692,128],
a175 => [229,35,861,34,227,524,212],
a176 => [230,35,861,35,227,524,212],
a177 => [231,35,394,34,44,890,29],
a178 => [232,35,813,35,214,552,197],
a179 => [233,35,767,34,187,604,172],
a193 => [234,35,767,34,187,604,172],
a180 => [235,35,797,35,244,490,229],
a199 => [236,35,797,35,244,490,229],
a181 => [237,35,626,35,187,604,172],
a200 => [238,35,626,35,187,604,172],
a182 => [239,35,805,34,220,542,201],
a201 => [241,35,805,34,216,542,205],
a183 => [242,35,690,35,143,692,128],
a184 => [243,35,876,35,303,373,287],
a197 => [244,34,702,35,180,618,165],
a185 => [245,35,795,35,350,274,339],
a194 => [246,34,702,35,180,618,165],
a198 => [247,34,819,35,124,731,108],
a186 => [248,35,897,35,267,444,252],
a195 => [249,34,819,35,124,731,108],
a187 => [250,35,761,35,256,466,241],
a188 => [251,36,802,35,261,460,242],
a189 => [252,35,856,36,293,392,278],
a190 => [253,35,896,39,219,540,204],
a191 => [254,34,850,34,242,494,227],
'.notdef' => [-1,0,0,278,143,0,820]}});
